  2.421452e-03 
  2.403711e-03 
  2.368300e-03 
  2.315365e-03 
  2.245120e-03 
  2.157851e-03 
  2.053916e-03 
  1.933738e-03 
  1.797810e-03 
  1.646687e-03 
  1.480992e-03 
  1.301405e-03 
  1.108668e-03 
  9.035777e-04 
  6.869855e-04 
  4.597932e-04 
  2.229501e-04 
 -2.254968e-05 
 -2.756714e-04 
 -5.353429e-04 
 -8.004583e-04 
 -1.069882e-03 
 -1.342453e-03 
 -1.616987e-03 
 -1.892285e-03 
 -2.167131e-03 
 -2.440304e-03 
 -2.710574e-03 
 -2.976714e-03 
 -3.237499e-03 
 -3.491713e-03 
 -3.738154e-03 
 -3.975634e-03 
 -4.202991e-03 
 -4.419085e-03 
 -4.622807e-03 
 -4.813083e-03 
 -4.988875e-03 
 -5.149190e-03 
 -5.293079e-03 
 -5.419641e-03 
 -5.528032e-03 
 -5.617461e-03 
 -5.687198e-03 
 -5.736576e-03 
 -5.764993e-03 
 -5.771915e-03 
 -5.756879e-03 
 -5.719494e-03 
 -5.659445e-03 
 -5.576493e-03 
 -5.470477e-03 
 -5.341315e-03 
 -5.189007e-03 
 -5.013633e-03 
 -4.815354e-03 
 -4.594414e-03 
 -4.351138e-03 
 -4.085936e-03 
 -3.799294e-03 
 -3.491781e-03 
 -3.164047e-03 
 -2.816816e-03 
 -2.450891e-03 
 -2.067150e-03 
 -1.666541e-03 
 -1.250084e-03 
 -8.188655e-04 
 -3.740370e-04 
  8.318845e-05 
  5.515396e-04 
  1.029690e-03 
  1.516263e-03 
  2.009834e-03 
  2.508935e-03 
  3.012059e-03 
  3.517665e-03 
  4.024181e-03 
  4.530011e-03 
  5.033537e-03 
  5.533127e-03 
  6.027135e-03 
  6.513912e-03 
  6.991809e-03 
  7.459178e-03 
  7.914384e-03 
  8.355807e-03 
  8.781843e-03 
  9.190919e-03 
  9.581489e-03 
  9.952043e-03 
  1.030111e-02 
  1.062727e-02 
  1.092915e-02 
  1.120543e-02 
  1.145485e-02 
  1.167623e-02 
  1.186842e-02 
  1.203039e-02 
  1.216116e-02 
  1.225983e-02 
  1.232559e-02 
  1.235772e-02 
  1.235559e-02 
  1.231865e-02 
  1.224648e-02 
  1.213872e-02 
  1.199513e-02 
  1.181557e-02 
  1.160001e-02 
  1.134851e-02 
  1.106126e-02 
  1.073853e-02 
  1.038071e-02 
  9.988301e-03 
  9.561911e-03 
  9.102247e-03 
  8.610126e-03 
  8.086468e-03 
  7.532297e-03 
  6.948737e-03 
  6.337011e-03 
  5.698437e-03 
  5.034427e-03 
  4.346483e-03 
  3.636196e-03 
  2.905236e-03 
  2.155356e-03 
  1.388383e-03 
  6.062137e-04 
 -1.891886e-04 
 -9.957996e-04 
 -1.811539e-03 
 -2.634277e-03 
 -3.461836e-03 
 -4.292003e-03 
 -5.122529e-03 
 -5.951139e-03 
 -6.775536e-03 
 -7.593407e-03 
 -8.402434e-03 
 -9.200293e-03 
 -9.984668e-03 
 -1.075325e-02 
 -1.150375e-02 
 -1.223391e-02 
 -1.294148e-02 
 -1.362428e-02 
 -1.428014e-02 
 -1.490698e-02 
 -1.550273e-02 
 -1.606542e-02 
 -1.659314e-02 
 -1.708404e-02 
 -1.753636e-02 
 -1.794844e-02 
 -1.831869e-02 
 -1.864563e-02 
 -1.892789e-02 
 -1.916418e-02 
 -1.935335e-02 
 -1.949435e-02 
 -1.958625e-02 
 -1.962826e-02 
 -1.961969e-02 
 -1.956000e-02 
 -1.944879e-02 
 -1.928576e-02 
 -1.907078e-02 
 -1.880385e-02 
 -1.848511e-02 
 -1.811483e-02 
 -1.769344e-02 
 -1.722149e-02 
 -1.669969e-02 
 -1.612889e-02 
 -1.551006e-02 
 -1.484434e-02 
 -1.413297e-02 
 -1.337736e-02 
 -1.257902e-02 
 -1.173962e-02 
 -1.086092e-02 
 -9.944837e-03 
 -8.993384e-03 
 -8.008694e-03 
 -6.993008e-03 
 -5.948671e-03 
 -4.878126e-03 
 -3.783910e-03 
 -2.668643e-03 
 -1.535028e-03 
 -3.858408e-04 
  7.760750e-04 
  1.947817e-03 
  3.126430e-03 
  4.308914e-03 
  5.492229e-03 
  6.673310e-03 
  7.849065e-03 
  9.016392e-03 
  1.017218e-02 
  1.131333e-02 
  1.243673e-02 
  1.353932e-02 
  1.461805e-02 
  1.566989e-02 
  1.669189e-02 
  1.768113e-02 
  1.863475e-02 
  1.954996e-02 
  2.042405e-02 
  2.125440e-02 
  2.203846e-02 
  2.277381e-02 
  2.345812e-02 
  2.408916e-02 
  2.466485e-02 
  2.518321e-02 
  2.564241e-02 
  2.604075e-02 
  2.637668e-02 
  2.664880e-02 
  2.685585e-02 
  2.699675e-02 
  2.707057e-02 
  2.707654e-02 
  2.701409e-02 
  2.688279e-02 
  2.668239e-02 
  2.641284e-02 
  2.607424e-02 
  2.566689e-02 
  2.519126e-02 
  2.464801e-02 
  2.403796e-02 
  2.336214e-02 
  2.262173e-02 
  2.181810e-02 
  2.095278e-02 
  2.002750e-02 
  1.904413e-02 
  1.800471e-02 
  1.691146e-02 
  1.576672e-02 
  1.457301e-02 
  1.333298e-02 
  1.204944e-02 
  1.072530e-02 
  9.363625e-03 
  7.967584e-03 
  6.540463e-03 
  5.085653e-03 
  3.606639e-03 
  2.106995e-03 
  5.903741e-04 
 -9.394996e-04 
 -2.478842e-03 
 -4.023816e-03 
 -5.570543e-03 
 -7.115112e-03 
 -8.653589e-03 
 -1.018203e-02 
 -1.169648e-02 
 -1.319300e-02 
 -1.466766e-02 
 -1.611658e-02 
 -1.753589e-02 
 -1.892178e-02 
 -2.027051e-02 
 -2.157839e-02 
 -2.284182e-02 
 -2.405729e-02 
 -2.522137e-02 
 -2.633076e-02 
 -2.738227e-02 
 -2.837283e-02 
 -2.929951e-02 
 -3.015951e-02 
 -3.095021e-02 
 -3.166912e-02 
 -3.231392e-02 
 -3.288248e-02 
 -3.337283e-02 
 -3.378320e-02 
 -3.411201e-02 
 -3.435787e-02 
 -3.451959e-02 
 -3.459619e-02 
 -3.458692e-02 
 -3.449120e-02 
 -3.430870e-02 
 -3.403931e-02 
 -3.368310e-02 
 -3.324042e-02 
 -3.271179e-02 
 -3.209797e-02 
 -3.139996e-02 
 -3.061895e-02 
 -2.975636e-02 
 -2.881384e-02 
 -2.779322e-02 
 -2.669658e-02 
 -2.552616e-02 
 -2.428445e-02 
 -2.297410e-02 
 -2.159797e-02 
 -2.015908e-02 
 -1.866066e-02 
 -1.710609e-02 
 -1.549892e-02 
 -1.384284e-02 
 -1.214172e-02 
 -1.039953e-02 
 -8.620386e-03 
 -6.808528e-03 
 -4.968294e-03 
 -3.104123e-03 
 -1.220542e-03 
  6.778456e-04 
  2.586372e-03 
  4.500317e-03 
  6.414915e-03 
  8.325375e-03 
  1.022688e-02 
  1.211462e-02 
  1.398379e-02 
  1.582958e-02 
  1.764723e-02 
  1.943204e-02 
  2.117933e-02 
  2.288450e-02 
  2.454305e-02 
  2.615055e-02 
  2.770266e-02 
  2.919519e-02 
  3.062406e-02 
  3.198531e-02 
  3.327515e-02 
  3.448994e-02 
  3.562621e-02 
  3.668067e-02 
  3.765020e-02 
  3.853190e-02 
  3.932306e-02 
  4.002118e-02 
  4.062401e-02 
  4.112947e-02 
  4.153577e-02 
  4.184133e-02 
  4.204482e-02 
  4.214515e-02 
  4.214150e-02 
  4.203329e-02 
  4.182022e-02 
  4.150223e-02 
  4.107953e-02 
  4.055261e-02 
  3.992219e-02 
  3.918929e-02 
  3.835517e-02 
  3.742135e-02 
  3.638963e-02 
  3.526204e-02 
  3.404087e-02 
  3.272866e-02 
  3.132819e-02 
  2.984248e-02 
  2.827477e-02 
  2.662852e-02 
  2.490743e-02 
  2.311537e-02 
  2.125645e-02 
  1.933492e-02 
  1.735525e-02 
  1.532206e-02 
  1.324014e-02 
  1.111440e-02 
  8.949919e-03 
  6.751876e-03 
  4.525569e-03 
  2.276392e-03 
  9.823724e-06 
 -2.268584e-03 
 -4.553225e-03 
 -6.838446e-03 
 -9.118565e-03 
 -1.138788e-02 
 -1.364070e-02 
 -1.587134e-02 
 -1.807413e-02 
 -2.024345e-02 
 -2.237374e-02 
 -2.445952e-02 
 -2.649537e-02 
 -2.847597e-02 
 -3.039614e-02 
 -3.225080e-02 
 -3.403500e-02 
 -3.574398e-02 
 -3.737311e-02 
 -3.891794e-02 
 -4.037423e-02 
 -4.173793e-02 
 -4.300518e-02 
 -4.417238e-02 
 -4.523613e-02 
 -4.619329e-02 
 -4.704097e-02 
 -4.777652e-02 
 -4.839759e-02 
 -4.890208e-02 
 -4.928818e-02 
 -4.955435e-02 
 -4.969938e-02 
 -4.972230e-02 
 -4.962250e-02 
 -4.939963e-02 
 -4.905366e-02 
 -4.858487e-02 
 -4.799385e-02 
 -4.728147e-02 
 -4.644895e-02 
 -4.549778e-02 
 -4.442977e-02 
 -4.324702e-02 
 -4.195193e-02 
 -4.054719e-02 
 -3.903578e-02 
 -3.742095e-02 
 -3.570622e-02 
 -3.389540e-02 
 -3.199253e-02 
 -3.000189e-02 
 -2.792804e-02 
 -2.577572e-02 
 -2.354992e-02 
 -2.125582e-02 
 -1.889879e-02 
 -1.648439e-02 
 -1.401835e-02 
 -1.150654e-02 
 -8.954975e-03 
 -6.369807e-03 
 -3.757287e-03 
 -1.123764e-03 
  1.524332e-03 
  4.180507e-03 
  6.838218e-03 
  9.490890e-03 
  1.213193e-02 
  1.475475e-02 
  1.735278e-02 
  1.991946e-02 
  2.244832e-02 
  2.493292e-02 
  2.736692e-02 
  2.974408e-02 
  3.205827e-02 
  3.430348e-02 
  3.647386e-02 
  3.856372e-02 
  4.056753e-02 
  4.247998e-02 
  4.429593e-02 
  4.601049e-02 
  4.761897e-02 
  4.911695e-02 
  5.050025e-02 
  5.176497e-02 
  5.290747e-02 
  5.392441e-02 
  5.481275e-02 
  5.556976e-02 
  5.619300e-02 
  5.668038e-02 
  5.703012e-02 
  5.724079e-02 
  5.731129e-02 
  5.724087e-02 
  5.702910e-02 
  5.667594e-02 
  5.618167e-02 
  5.554694e-02 
  5.477273e-02 
  5.386039e-02 
  5.281161e-02 
  5.162843e-02 
  5.031321e-02 
  4.886869e-02 
  4.729789e-02 
  4.560420e-02 
  4.379130e-02 
  4.186318e-02 
  3.982416e-02 
  3.767882e-02 
  3.543204e-02 
  3.308896e-02 
  3.065499e-02 
  2.813578e-02 
  2.553721e-02 
  2.286538e-02 
  2.012661e-02 
  1.732740e-02 
  1.447442e-02 
  1.157451e-02 
  8.634636e-03 
  5.661912e-03 
  2.663549e-03 
 -3.531506e-04 
 -3.380808e-03 
 -6.411991e-03 
 -9.439228e-03 
 -1.245503e-02 
 -1.545191e-02 
 -1.842239e-02 
 -2.135903e-02 
 -2.425447e-02 
 -2.710138e-02 
 -2.989257e-02 
 -3.262092e-02 
 -3.527946e-02 
 -3.786137e-02 
 -4.035998e-02 
 -4.276880e-02 
 -4.508155e-02 
 -4.729217e-02 
 -4.939481e-02 
 -5.138387e-02 
 -5.325402e-02 
 -5.500019e-02 
 -5.661763e-02 
 -5.810184e-02 
 -5.944868e-02 
 -6.065431e-02 
 -6.171523e-02 
 -6.262828e-02 
 -6.339067e-02 
 -6.399995e-02 
 -6.445406e-02 
 -6.475130e-02 
 -6.489038e-02 
 -6.487035e-02 
 -6.469069e-02 
 -6.435125e-02 
 -6.385230e-02 
 -6.319447e-02 
 -6.237882e-02 
 -6.140678e-02 
 -6.028017e-02 
 -5.900123e-02 
 -5.757255e-02 
 -5.599711e-02 
 -5.427827e-02 
 -5.241976e-02 
 -5.042565e-02 
 -4.830037e-02 
 -4.604870e-02 
 -4.367572e-02 
 -4.118688e-02 
 -3.858787e-02 
 -3.588472e-02 
 -3.308373e-02 
 -3.019145e-02 
 -2.721469e-02 
 -2.416048e-02 
 -2.103608e-02 
 -1.784895e-02 
 -1.460671e-02 
 -1.131717e-02 
 -7.988269e-03 
 -4.628069e-03 
 -1.244742e-03 
  2.153455e-03 
  5.558200e-03 
  8.961128e-03 
  1.235385e-02 
  1.572797e-02 
  1.907510e-02 
  2.238692e-02 
  2.565515e-02 
  2.887157e-02 
  3.202809e-02 
  3.511673e-02 
  3.812965e-02 
  4.105917e-02 
  4.389780e-02 
  4.663822e-02 
  4.927336e-02 
  5.179637e-02 
  5.420067e-02 
  5.647991e-02 
  5.862809e-02 
  6.063945e-02 
  6.250859e-02 
  6.423044e-02 
  6.580025e-02 
  6.721366e-02 
  6.846666e-02 
  6.955563e-02 
  7.047735e-02 
  7.122900e-02 
  7.180816e-02 
  7.221283e-02 
  7.244144e-02 
  7.249285e-02 
  7.236635e-02 
  7.206167e-02 
  7.157897e-02 
  7.091886e-02 
  7.008239e-02 
  6.907103e-02 
  6.788670e-02 
  6.653177e-02 
  6.500901e-02 
  6.332162e-02 
  6.147323e-02 
  5.946787e-02 
  5.730996e-02 
  5.500432e-02 
  5.255615e-02 
  4.997103e-02 
  4.725487e-02 
  4.441393e-02 
  4.145482e-02 
  3.838444e-02 
  3.520998e-02 
  3.193892e-02 
  2.857902e-02 
  2.513825e-02 
  2.162483e-02 
  1.804716e-02 
  1.441386e-02 
  1.073368e-02 
  7.015534e-03 
  3.268446e-03 
 -4.984537e-04 
 -4.275961e-03 
 -8.054815e-03 
 -1.182572e-02 
 -1.557939e-02 
 -1.930652e-02 
 -2.299786e-02 
 -2.664423e-02 
 -3.023652e-02 
 -3.376571e-02 
 -3.722295e-02 
 -4.059949e-02 
 -4.388680e-02 
 -4.707650e-02 
 -5.016045e-02 
 -5.313075e-02 
 -5.597974e-02 
 -5.870005e-02 
 -6.128459e-02 
 -6.372659e-02 
 -6.601962e-02 
 -6.815757e-02 
 -7.013474e-02 
 -7.194576e-02 
 -7.358567e-02 
 -7.504995e-02 
 -7.633444e-02 
 -7.743545e-02 
 -7.834973e-02 
 -7.907447e-02 
 -7.960731e-02 
 -7.994638e-02 
 -8.009025e-02 
 -8.003800e-02 
 -7.978917e-02 
 -7.934378e-02 
 -7.870235e-02 
 -7.786587e-02 
 -7.683582e-02 
 -7.561417e-02 
 -7.420335e-02 
 -7.260626e-02 
 -7.082630e-02 
 -6.886729e-02 
 -6.673353e-02 
 -6.442975e-02 
 -6.196111e-02 
 -5.933320e-02 
 -5.655202e-02 
 -5.362396e-02 
 -5.055577e-02 
 -4.735461e-02 
 -4.402795e-02 
 -4.058360e-02 
 -3.702969e-02 
 -3.337464e-02 
 -2.962714e-02 
 -2.579612e-02 
 -2.189077e-02 
 -1.792048e-02 
 -1.389480e-02 
 -9.823473e-03 
 -5.716378e-03 
 -1.583503e-03 
  2.565071e-03 
  6.719194e-03 
  1.086867e-02 
  1.500330e-02 
  1.911288e-02 
  2.318723e-02 
  2.721625e-02 
  3.118991e-02 
  3.509829e-02 
  3.893161e-02 
  4.268023e-02 
  4.633471e-02 
  4.988580e-02 
  5.332450e-02 
  5.664203e-02 
  5.982992e-02 
  6.287996e-02 
  6.578428e-02 
  6.853535e-02 
  7.112597e-02 
  7.354934e-02 
  7.579905e-02 
  7.786908e-02 
  7.975385e-02 
  8.144823e-02 
  8.294753e-02 
  8.424753e-02 
  8.534449e-02 
  8.623516e-02 
  8.691678e-02 
  8.738711e-02 
  8.764442e-02 
  8.768749e-02 
  8.751563e-02 
  8.712869e-02 
  8.652703e-02 
  8.571155e-02 
  8.468366e-02 
  8.344531e-02 
  8.199899e-02 
  8.034768e-02 
  7.849488e-02 
  7.644461e-02 
  7.420136e-02 
  7.177013e-02 
  6.915638e-02 
  6.636604e-02 
  6.340550e-02 
  6.028156e-02 
  5.700147e-02 
  5.357287e-02 
  5.000377e-02 
  4.630257e-02 
  4.247800e-02 
  3.853913e-02 
  3.449533e-02 
  3.035625e-02 
  2.613180e-02 
  2.183213e-02 
  1.746759e-02 
  1.304874e-02 
  8.586275e-03 
  4.091041e-03 
 -4.260128e-04 
 -4.953853e-03 
 -9.481393e-03 
 -1.399752e-02 
 -1.849111e-02 
 -2.295107e-02 
 -2.736638e-02 
 -3.172607e-02 
 -3.601930e-02 
 -4.023536e-02 
 -4.436370e-02 
 -4.839396e-02 
 -5.231600e-02 
 -5.611990e-02 
 -5.979602e-02 
 -6.333502e-02 
 -6.672786e-02 
 -6.996583e-02 
 -7.304060e-02 
 -7.594419e-02 
 -7.866904e-02 
 -8.120801e-02 
 -8.355440e-02 
 -8.570196e-02 
 -8.764491e-02 
 -8.937796e-02 
 -9.089633e-02 
 -9.219575e-02 
 -9.327248e-02 
 -9.412332e-02 
 -9.474560e-02 
 -9.513723e-02 
 -9.529666e-02 
 -9.522293e-02 
 -9.491562e-02 
 -9.437491e-02 
 -9.360154e-02 
 -9.259682e-02 
 -9.136265e-02 
 -8.990149e-02 
 -8.821635e-02 
 -8.631081e-02 
 -8.418901e-02 
 -8.185560e-02 
 -7.931581e-02 
 -7.657534e-02 
 -7.364042e-02 
 -7.051778e-02 
 -6.721462e-02 
 -6.373860e-02 
 -6.009782e-02 
 -5.630082e-02 
 -5.235651e-02 
 -4.827423e-02 
 -4.406365e-02 
 -3.973479e-02 
 -3.529798e-02 
 -3.076384e-02 
 -2.614326e-02 
 -2.144737e-02 
 -1.668751e-02 
 -1.187519e-02 
 -7.022104e-03 
 -2.140050e-03 
  2.759063e-03 
  7.663255e-03 
  1.256051e-02 
  1.743879e-02 
  2.228609e-02 
  2.709045e-02 
  3.183996e-02 
  3.652286e-02 
  4.112749e-02 
  4.564237e-02 
  5.005621e-02 
  5.435794e-02 
  5.853675e-02 
  6.258208e-02 
  6.648371e-02 
  7.023172e-02 
  7.381654e-02 
  7.722901e-02 
  8.046035e-02 
  8.350219e-02 
  8.634664e-02 
  8.898625e-02 
  9.141406e-02 
  9.362362e-02 
  9.560900e-02 
  9.736480e-02 
  9.888619e-02 
  1.001689e-01 
  1.012092e-01 
  1.020039e-01 
  1.025506e-01 
  1.028474e-01 
  1.028929e-01 
  1.026864e-01 
  1.022279e-01 
  1.015178e-01 
  1.005575e-01 
  9.934852e-02 
  9.789340e-02 
  9.619511e-02 
  9.425724e-02 
  9.208400e-02 
  8.968017e-02 
  8.705113e-02 
  8.420280e-02 
  8.114167e-02 
  7.787475e-02 
  7.440959e-02 
  7.075422e-02 
  6.691719e-02 
  6.290748e-02 
  5.873453e-02 
  5.440821e-02 
  4.993878e-02 
  4.533687e-02 
  4.061346e-02 
  3.577986e-02 
  3.084768e-02 
  2.582879e-02 
  2.073529e-02 
  1.557951e-02 
  1.037396e-02 
  5.131268e-03 
 -1.357773e-04 
 -5.414320e-03 
 -1.069144e-02 
 -1.595421e-02 
 -2.118968e-02 
 -2.638495e-02 
 -3.152721e-02 
 -3.660371e-02 
 -4.160188e-02 
 -4.650928e-02 
 -5.131369e-02 
 -5.600308e-02 
 -6.056571e-02 
 -6.499012e-02 
 -6.926515e-02 
 -7.338000e-02 
 -7.732421e-02 
 -8.108774e-02 
 -8.466098e-02 
 -8.803474e-02 
 -9.120031e-02 
 -9.414947e-02 
 -9.687453e-02 
 -9.936831e-02 
 -1.016242e-01 
 -1.036361e-01 
 -1.053986e-01 
 -1.069069e-01 
 -1.081566e-01 
 -1.091442e-01 
 -1.098666e-01 
 -1.103215e-01 
 -1.105073e-01 
 -1.104228e-01 
 -1.100677e-01 
 -1.094423e-01 
 -1.085476e-01 
 -1.073851e-01 
 -1.059571e-01 
 -1.042666e-01 
 -1.023170e-01 
 -1.001128e-01 
 -9.765865e-02 
 -9.496009e-02 
 -9.202321e-02 
 -8.885470e-02 
 -8.546183e-02 
 -8.185244e-02 
 -7.803491e-02 
 -7.401816e-02 
 -6.981161e-02 
 -6.542516e-02 
 -6.086918e-02 
 -5.615449e-02 
 -5.129230e-02 
 -4.629421e-02 
 -4.117219e-02 
 -3.593853e-02 
 -3.060583e-02 
 -2.518693e-02 
 -1.969495e-02 
 -1.414318e-02 
 -8.545112e-03 
 -2.914364e-03 
  2.735332e-03 
  8.390171e-03 
  1.403630e-02 
  1.965988e-02 
  2.524706e-02 
  3.078409e-02 
  3.625728e-02 
  4.165310e-02 
  4.695816e-02 
  5.215927e-02 
  5.724347e-02 
  6.219805e-02 
  6.701062e-02 
  7.166908e-02 
  7.616169e-02 
  8.047711e-02 
  8.460440e-02 
  8.853305e-02 
  9.225304e-02 
  9.575480e-02 
  9.902933e-02 
  1.020681e-01 
  1.048633e-01 
  1.074074e-01 
  1.096937e-01 
  1.117162e-01 
  1.134693e-01 
  1.149482e-01 
  1.161487e-01 
  1.170672e-01 
  1.177010e-01 
  1.180480e-01 
  1.181067e-01 
  1.178763e-01 
  1.173569e-01 
  1.165491e-01 
  1.154543e-01 
  1.140747e-01 
  1.124131e-01 
  1.104729e-01 
  1.082583e-01 
  1.057743e-01 
  1.030263e-01 
  1.000206e-01 
  9.676403e-02 
  9.326404e-02 
  8.952873e-02 
  8.556678e-02 
  8.138744e-02 
  7.700054e-02 
  7.241638e-02 
  6.764583e-02 
  6.270019e-02 
  5.759123e-02 
  5.233115e-02 
  4.693253e-02 
  4.140833e-02 
  3.577182e-02 
  3.003661e-02 
  2.421653e-02 
  1.832569e-02 
  1.237837e-02 
  6.389040e-03 
  3.722808e-04 
 -5.657218e-03 
 -1.168471e-02 
 -1.769543e-02 
 -2.367461e-02 
 -2.960756e-02 
 -3.547963e-02 
 -4.127634e-02 
 -4.698333e-02 
 -5.258644e-02 
 -5.807176e-02 
 -6.342561e-02 
 -6.863462e-02 
 -7.368576e-02 
 -7.856633e-02 
 -8.326407e-02 
 -8.776710e-02 
 -9.206402e-02 
 -9.614390e-02 
 -9.999633e-02 
 -1.036114e-01 
 -1.069799e-01 
 -1.100930e-01 
 -1.129427e-01 
 -1.155214e-01 
 -1.178222e-01 
 -1.198391e-01 
 -1.215666e-01 
 -1.229998e-01 
 -1.241347e-01 
 -1.249680e-01 
 -1.254969e-01 
 -1.257197e-01 
 -1.256353e-01 
 -1.252432e-01 
 -1.245438e-01 
 -1.235382e-01 
 -1.222284e-01 
 -1.206169e-01 
 -1.187072e-01 
 -1.165033e-01 
 -1.140101e-01 
 -1.112332e-01 
 -1.081788e-01 
 -1.048538e-01 
 -1.012660e-01 
 -9.742357e-02 
 -9.333548e-02 
 -8.901127e-02 
 -8.446110e-02 
 -7.969569e-02 
 -7.472630e-02 
 -6.956472e-02 
 -6.422323e-02 
 -5.871459e-02 
 -5.305197e-02 
 -4.724895e-02 
 -4.131948e-02 
 -3.527785e-02 
 -2.913865e-02 
 -2.291672e-02 
 -1.662716e-02 
 -1.028525e-02 
 -3.906406e-03 
  2.493805e-03 
  8.899750e-03 
  1.529575e-02 
  2.166613e-02 
  2.799524e-02 
  3.426750e-02 
  4.046745e-02 
  4.657977e-02 
  5.258934e-02 
  5.848124e-02 
  6.424084e-02 
  6.985378e-02 
  7.530605e-02 
  8.058401e-02 
  8.567442e-02 
  9.056447e-02 
  9.524181e-02 
  9.969461e-02 
  1.039115e-01 
  1.078819e-01 
  1.115954e-01 
  1.150426e-01 
  1.182146e-01 
  1.211030e-01 
  1.237003e-01 
  1.259996e-01 
  1.279947e-01 
  1.296802e-01 
  1.310514e-01 
  1.321044e-01 
  1.328360e-01 
  1.332439e-01 
  1.333265e-01 
  1.330830e-01 
  1.325134e-01 
  1.316185e-01 
  1.303999e-01 
  1.288601e-01 
  1.270022e-01 
  1.248302e-01 
  1.223488e-01 
  1.195637e-01 
  1.164810e-01 
  1.131079e-01 
  1.094519e-01 
  1.055217e-01 
  1.013262e-01 
  9.687541e-02 
  9.217966e-02 
  8.725003e-02 
  8.209819e-02 
  7.673636e-02 
  7.117730e-02 
  6.543426e-02 
  5.952099e-02 
  5.345166e-02 
  4.724086e-02 
  4.090354e-02 
  3.445501e-02 
  2.791085e-02 
  2.128692e-02 
  1.459930e-02 
  7.864246e-03 
  1.098167e-03 
 -5.682425e-03 
 -1.246096e-02 
 -1.922083e-02 
 -2.594545e-02 
 -3.261831e-02 
 -3.922297e-02 
 -4.574314e-02 
 -5.216273e-02 
 -5.846583e-02 
 -6.463681e-02 
 -7.066033e-02 
 -7.652140e-02 
 -8.220539e-02 
 -8.769807e-02 
 -9.298566e-02 
 -9.805487e-02 
 -1.028929e-01 
 -1.074875e-01 
 -1.118271e-01 
 -1.159005e-01 
 -1.196973e-01 
 -1.232079e-01 
 -1.264229e-01 
 -1.293342e-01 
 -1.319341e-01 
 -1.342155e-01 
 -1.361726e-01 
 -1.377998e-01 
 -1.390926e-01 
 -1.400474e-01 
 -1.406611e-01 
 -1.409317e-01 
 -1.408580e-01 
 -1.404396e-01 
 -1.396769e-01 
 -1.385711e-01 
 -1.371245e-01 
 -1.353399e-01 
 -1.332212e-01 
 -1.307730e-01 
 -1.280007e-01 
 -1.249106e-01 
 -1.215097e-01 
 -1.178057e-01 
 -1.138074e-01 
 -1.095238e-01 
 -1.049652e-01 
 -1.001421e-01 
 -9.506589e-02 
 -8.974862e-02 
 -8.420287e-02 
 -7.844185e-02 
 -7.247930e-02 
 -6.632947e-02 
 -6.000710e-02 
 -5.352739e-02 
 -4.690593e-02 
 -4.015870e-02 
 -3.330200e-02 
 -2.635243e-02 
 -1.932685e-02 
 -1.224233e-02 
 -5.116111e-03 
  2.034428e-03 
  9.191826e-03 
  1.633858e-02 
  2.345717e-02 
  3.053013e-02 
  3.754008e-02 
  4.446974e-02 
  5.130204e-02 
  5.802008e-02 
  6.460723e-02 
  7.104716e-02 
  7.732386e-02 
  8.342170e-02 
  8.932546e-02 
  9.502037e-02 
  1.004922e-01 
  1.057271e-01 
  1.107119e-01 
  1.154340e-01 
  1.198815e-01 
  1.240429e-01 
  1.279077e-01 
  1.314659e-01 
  1.347083e-01 
  1.376264e-01 
  1.402126e-01 
  1.424600e-01 
  1.443625e-01 
  1.459150e-01 
  1.471131e-01 
  1.479532e-01 
  1.484328e-01 
  1.485501e-01 
  1.483042e-01 
  1.476951e-01 
  1.467237e-01 
  1.453919e-01 
  1.437023e-01 
  1.416584e-01 
  1.392648e-01 
  1.365266e-01 
  1.334502e-01 
  1.300423e-01 
  1.263109e-01 
  1.222646e-01 
  1.179127e-01 
  1.132655e-01 
  1.083338e-01 
  1.031293e-01 
  9.766417e-02 
  9.195149e-02 
  8.600480e-02 
  7.983830e-02 
  7.346673e-02 
  6.690534e-02 
  6.016991e-02 
  5.327664e-02 
  4.624214e-02 
  3.908341e-02 
  3.181778e-02 
  2.446286e-02 
  1.703649e-02 
  9.556756e-03 
  2.041866e-03 
 -5.489843e-03 
 -1.301996e-02 
 -2.053007e-02 
 -2.800174e-02 
 -3.541665e-02 
 -4.275655e-02 
 -5.000336e-02 
 -5.713920e-02 
 -6.414645e-02 
 -7.100774e-02 
 -7.770606e-02 
 -8.422477e-02 
 -9.054763e-02 
 -9.665887e-02 
 -1.025432e-01 
 -1.081859e-01 
 -1.135727e-01 
 -1.186901e-01 
 -1.235251e-01 
 -1.280655e-01 
 -1.322997e-01 
 -1.362169e-01 
 -1.398070e-01 
 -1.430606e-01 
 -1.459694e-01 
 -1.485256e-01 
 -1.507226e-01 
 -1.525542e-01 
 -1.540156e-01 
 -1.551025e-01 
 -1.558117e-01 
 -1.561409e-01 
 -1.560887e-01 
 -1.556547e-01 
 -1.548394e-01 
 -1.536440e-01 
 -1.520711e-01 
 -1.501238e-01 
 -1.478064e-01 
 -1.451239e-01 
 -1.420824e-01 
 -1.386888e-01 
 -1.349507e-01 
 -1.308770e-01 
 -1.264769e-01 
 -1.217609e-01 
 -1.167399e-01 
 -1.114257e-01 
 -1.058310e-01 
 -9.996893e-02 
 -9.385351e-02 
 -8.749931e-02 
 -8.092150e-02 
 -7.413585e-02 
 -6.715864e-02 
 -6.000665e-02 
 -5.269713e-02 
 -4.524772e-02 
 -3.767644e-02 
 -3.000163e-02 
 -2.224192e-02 
 -1.441615e-02 
 -6.543394e-03 
  1.357171e-03 
  9.266253e-03 
  1.716451e-02 
  2.503260e-02 
  3.285124e-02 
  4.060120e-02 
  4.826344e-02 
  5.581907e-02 
  6.324945e-02 
  7.053620e-02 
  7.766130e-02 
  8.460705e-02 
  9.135622e-02 
  9.789198e-02 
  1.041980e-01 
  1.102586e-01 
  1.160585e-01 
  1.215832e-01 
  1.268187e-01 
  1.317517e-01 
  1.363699e-01 
  1.406614e-01 
  1.446152e-01 
  1.482211e-01 
  1.514699e-01 
  1.543531e-01 
  1.568630e-01 
  1.589930e-01 
  1.607373e-01 
  1.620910e-01 
  1.630504e-01 
  1.636124e-01 
  1.637751e-01 
  1.635375e-01 
  1.628996e-01 
  1.618625e-01 
  1.604280e-01 
  1.585991e-01 
  1.563796e-01 
  1.537745e-01 
  1.507896e-01 
  1.474316e-01 
  1.437081e-01 
  1.396278e-01 
  1.352001e-01 
  1.304354e-01 
  1.253448e-01 
  1.199403e-01 
  1.142347e-01 
  1.082414e-01 
  1.019748e-01 
  9.544982e-02 
  8.868197e-02 
  8.168750e-02 
  7.448319e-02 
  6.708636e-02 
  5.951484e-02 
  5.178690e-02 
  4.392121e-02 
  3.593682e-02 
  2.785310e-02 
  1.968968e-02 
  1.146641e-02 
  3.203337e-03 
 -5.079394e-03 
 -1.336154e-02 
 -2.162285e-02 
 -2.984307e-02 
 -3.800205e-02 
 -4.607972e-02 
 -5.405622e-02 
 -6.191188e-02 
 -6.962733e-02 
 -7.718347e-02 
 -8.456161e-02 
 -9.174344e-02 
 -9.871112e-02 
 -1.054473e-01 
 -1.119351e-01 
 -1.181585e-01 
 -1.241016e-01 
 -1.297498e-01 
 -1.350886e-01 
 -1.401046e-01 
 -1.447851e-01 
 -1.491181e-01 
 -1.530927e-01 
 -1.566984e-01 
 -1.599261e-01 
 -1.627672e-01 
 -1.652143e-01 
 -1.672608e-01 
 -1.689013e-01 
 -1.701310e-01 
 -1.709464e-01 
 -1.713449e-01 
 -1.713250e-01 
 -1.708862e-01 
 -1.700289e-01 
 -1.687546e-01 
 -1.670659e-01 
 -1.649664e-01 
 -1.624605e-01 
 -1.595539e-01 
 -1.562531e-01 
 -1.525657e-01 
 -1.485000e-01 
 -1.440656e-01 
 -1.392728e-01 
 -1.341328e-01 
 -1.286577e-01 
 -1.228605e-01 
 -1.167548e-01 
 -1.103551e-01 
 -1.036768e-01 
 -9.673578e-02 
 -8.954863e-02 
 -8.213262e-02 
 -7.450556e-02 
 -6.668583e-02 
 -5.869229e-02 
 -5.054424e-02 
 -4.226142e-02 
 -3.386389e-02 
 -2.537203e-02 
 -1.680650e-02 
 -8.188148e-03 
  4.620279e-04 
  9.122906e-03 
  1.777332e-02 
  2.639209e-02 
  3.495809e-02 
  4.345031e-02 
  5.184786e-02 
  6.013007e-02 
  6.827654e-02 
  7.626715e-02 
  8.408214e-02 
  9.170216e-02 
  9.910830e-02 
  1.062822e-01 
  1.132059e-01 
  1.198622e-01 
  1.262344e-01 
  1.323067e-01 
  1.380636e-01 
  1.434907e-01 
  1.485743e-01 
  1.533016e-01 
  1.576603e-01 
  1.616394e-01 
  1.652287e-01 
  1.684188e-01 
  1.712015e-01 
  1.735692e-01 
  1.755158e-01 
  1.770358e-01 
  1.781250e-01 
  1.787802e-01 
  1.789991e-01 
  1.787806e-01 
  1.781248e-01 
  1.770325e-01 
  1.755059e-01 
  1.735482e-01 
  1.711636e-01 
  1.683572e-01 
  1.651355e-01 
  1.615058e-01 
  1.574764e-01 
  1.530565e-01 
  1.482566e-01 
  1.430878e-01 
  1.375623e-01 
  1.316931e-01 
  1.254942e-01 
  1.189803e-01 
  1.121668e-01 
  1.050700e-01 
  9.770703e-02 
  9.009541e-02 
  8.225346e-02 
  7.420005e-02 
  6.595462e-02 
  5.753707e-02 
  4.896776e-02 
  4.026745e-02 
  3.145725e-02 
  2.255857e-02 
  1.359304e-02 
  4.582520e-03 
 -4.451024e-03 
 -1.348553e-02 
 -2.249889e-02 
 -3.146904e-02 
 -4.037399e-02 
 -4.919187e-02 
 -5.790099e-02 
 -6.647993e-02 
 -7.490752e-02 
 -8.316296e-02 
 -9.122583e-02 
 -9.907617e-02 
 -1.066945e-01 
 -1.140619e-01 
 -1.211599e-01 
 -1.279710e-01 
 -1.344781e-01 
 -1.406648e-01 
 -1.465156e-01 
 -1.520158e-01 
 -1.571514e-01 
 -1.619095e-01 
 -1.662779e-01 
 -1.702455e-01 
 -1.738019e-01 
 -1.769380e-01 
 -1.796455e-01 
 -1.819174e-01 
 -1.837474e-01 
 -1.851305e-01 
 -1.860628e-01 
 -1.865414e-01 
 -1.865646e-01 
 -1.861317e-01 
 -1.852432e-01 
 -1.839006e-01 
 -1.821068e-01 
 -1.798654e-01 
 -1.771814e-01 
 -1.740608e-01 
 -1.705107e-01 
 -1.665392e-01 
 -1.621555e-01 
 -1.573697e-01 
 -1.521932e-01 
 -1.466379e-01 
 -1.407171e-01 
 -1.344447e-01 
 -1.278357e-01 
 -1.209057e-01 
 -1.136714e-01 
 -1.061499e-01 
 -9.835948e-02 
 -9.031867e-02 
 -8.204687e-02 
 -7.356402e-02 
 -6.489059e-02 
 -5.604756e-02 
 -4.705633e-02 
 -3.793871e-02 
 -2.871684e-02 
 -1.941313e-02 
 -1.005024e-02 
 -6.509882e-04 
  8.761687e-03 
  1.816478e-02 
  2.753529e-02 
  3.685025e-02 
  4.608682e-02 
  5.522232e-02 
  6.423426e-02 
  7.310047e-02 
  8.179907e-02 
  9.030858e-02 
  9.860796e-02 
  1.066767e-01 
  1.144946e-01 
  1.220425e-01 
  1.293014e-01 
  1.362532e-01 
  1.428807e-01 
  1.491670e-01 
  1.550966e-01 
  1.606543e-01 
  1.658263e-01 
  1.705992e-01 
  1.749611e-01 
  1.789006e-01 
  1.824076e-01 
  1.854731e-01 
  1.880890e-01 
  1.902483e-01 
  1.919452e-01 
  1.931749e-01 
  1.939340e-01 
  1.942198e-01 
  1.940312e-01 
  1.933681e-01 
  1.922314e-01 
  1.906234e-01 
  1.885475e-01 
  1.860080e-01 
  1.830107e-01 
  1.795623e-01 
  1.756708e-01 
  1.713450e-01 
  1.665951e-01 
  1.614320e-01 
  1.558681e-01 
  1.499162e-01 
  1.435907e-01 
  1.369063e-01 
  1.298791e-01 
  1.225259e-01 
  1.148641e-01 
  1.069122e-01 
  9.868927e-02 
  9.021507e-02 
  8.151001e-02 
  7.259510e-02 
  6.349189e-02 
  5.422241e-02 
  4.480913e-02 
  3.527489e-02 
  2.564285e-02 
  1.593645e-02 
  6.179331e-03 
 -3.604702e-03 
 -1.339176e-02 
 -2.315792e-02 
 -3.287927e-02 
 -4.253198e-02 
 -5.209238e-02 
 -6.153697e-02 
 -7.084252e-02 
 -7.998610e-02 
 -8.894516e-02 
 -9.769758e-02 
 -1.062217e-01 
 -1.144964e-01 
 -1.225012e-01 
 -1.302161e-01 
 -1.376220e-01 
 -1.447003e-01 
 -1.514334e-01 
 -1.578043e-01 
 -1.637972e-01 
 -1.693968e-01 
 -1.745890e-01 
 -1.793607e-01 
 -1.836996e-01 
 -1.875946e-01 
 -1.910357e-01 
 -1.940140e-01 
 -1.965215e-01 
 -1.985516e-01 
 -2.000988e-01 
 -2.011587e-01 
 -2.017281e-01 
 -2.018051e-01 
 -2.013888e-01 
 -2.004798e-01 
 -1.990797e-01 
 -1.971913e-01 
 -1.948186e-01 
 -1.919668e-01 
 -1.886425e-01 
 -1.848531e-01 
 -1.806073e-01 
 -1.759151e-01 
 -1.707873e-01 
 -1.652360e-01 
 -1.592742e-01 
 -1.529161e-01 
 -1.461767e-01 
 -1.390721e-01 
 -1.316192e-01 
 -1.238357e-01 
 -1.157405e-01 
 -1.073528e-01 
 -9.869285e-02 
 -8.978152e-02 
 -8.064028e-02 
 -7.129122e-02 
 -6.175696e-02 
 -5.206058e-02 
 -4.222562e-02 
 -3.227595e-02 
 -2.223577e-02 
 -1.212952e-02 
 -1.981840e-03 
  8.182515e-03 
  1.833871e-02 
  2.846190e-02 
  3.852730e-02 
  4.851022e-02 
  5.838617e-02 
  6.813088e-02 
  7.772036e-02 
  8.713099e-02 
  9.633955e-02 
  1.053233e-01 
  1.140600e-01 
  1.225280e-01 
  1.307063e-01 
  1.385746e-01 
  1.461132e-01 
  1.533034e-01 
  1.601272e-01 
  1.665674e-01 
  1.726079e-01 
  1.782335e-01 
  1.834299e-01 
  1.881839e-01 
  1.924834e-01 
  1.963173e-01 
  1.996758e-01 
  2.025501e-01 
  2.049325e-01 
  2.068168e-01 
  2.081977e-01 
  2.090713e-01 
  2.094349e-01 
  2.092870e-01 
  2.086273e-01 
  2.074570e-01 
  2.057782e-01 
  2.035945e-01 
  2.009107e-01 
  1.977327e-01 
  1.940678e-01 
  1.899244e-01 
  1.853120e-01 
  1.802415e-01 
  1.747246e-01 
  1.687743e-01 
  1.624048e-01 
  1.556311e-01 
  1.484693e-01 
  1.409364e-01 
  1.330506e-01 
  1.248306e-01 
  1.162962e-01 
  1.074679e-01 
  9.836691e-02 
  8.901522e-02 
  7.943539e-02 
  6.965059e-02 
  5.968450e-02 
  4.956130e-02 
  3.930555e-02 
  2.894218e-02 
  1.849640e-02 
  7.993665e-03 
 -2.540418e-03 
 -1.308013e-02 
 -2.359970e-02 
 -3.407340e-02 
 -4.447556e-02 
 -5.478068e-02 
 -6.496345e-02 
 -7.499884e-02 
 -8.486215e-02 
 -9.452906e-02 
 -1.039757e-01 
 -1.131788e-01 
 -1.221156e-01 
 -1.307638e-01 
 -1.391021e-01 
 -1.471097e-01 
 -1.547666e-01 
 -1.620538e-01 
 -1.689530e-01 
 -1.754469e-01 
 -1.815192e-01 
 -1.871546e-01 
 -1.923389e-01 
 -1.970587e-01 
 -2.013022e-01 
 -2.050583e-01 
 -2.083174e-01 
 -2.110710e-01 
 -2.133117e-01 
 -2.150335e-01 
 -2.162316e-01 
 -2.169026e-01 
 -2.170441e-01 
 -2.166554e-01 
 -2.157366e-01 
 -2.142896e-01 
 -2.123172e-01 
 -2.098236e-01 
 -2.068146e-01 
 -2.032967e-01 
 -1.992780e-01 
 -1.947679e-01 
 -1.897768e-01 
 -1.843163e-01 
 -1.783994e-01 
 -1.720400e-01 
 -1.652531e-01 
 -1.580548e-01 
 -1.504624e-01 
 -1.424940e-01 
 -1.341685e-01 
 -1.255060e-01 
 -1.165273e-01 
 -1.072540e-01 
 -9.770844e-02 
 -8.791365e-02 
 -7.789332e-02 
 -6.767169e-02 
 -5.727354e-02 
 -4.672409e-02 
 -3.604896e-02 
 -2.527413e-02 
 -1.442582e-02 
 -3.530468e-03 
  7.385335e-03 
  1.829493e-02 
  2.917163e-02 
  3.998882e-02 
  5.071999e-02 
  6.133880e-02 
  7.181919e-02 
  8.213538e-02 
  9.226196e-02 
  1.021740e-01 
  1.118470e-01 
  1.212571e-01 
  1.303809e-01 
  1.391960e-01 
  1.476803e-01 
  1.558128e-01 
  1.635733e-01 
  1.709423e-01 
  1.779014e-01 
  1.844332e-01 
  1.905213e-01 
  1.961503e-01 
  2.013058e-01 
  2.059750e-01 
  2.101457e-01 
  2.138072e-01 
  2.169501e-01 
  2.195662e-01 
  2.216484e-01 
  2.231911e-01 
  2.241900e-01 
  2.246420e-01 
  2.245455e-01 
  2.239001e-01 
  2.227068e-01 
  2.209679e-01 
  2.186871e-01 
  2.158693e-01 
  2.125211e-01 
  2.086498e-01 
  2.042645e-01 
  1.993753e-01 
  1.939936e-01 
  1.881322e-01 
  1.818047e-01 
  1.750261e-01 
  1.678127e-01 
  1.601814e-01 
  1.521506e-01 
  1.437395e-01 
  1.349682e-01 
  1.258577e-01 
  1.164300e-01 
  1.067079e-01 
  9.671468e-02 
  8.647457e-02 
  7.601234e-02 
  6.535332e-02 
  5.452337e-02 
  4.354877e-02 
  3.245620e-02 
  2.127266e-02 
  1.002539e-02 
 -1.258183e-03 
 -1.255052e-02 
 -2.382402e-02 
 -3.505110e-02 
 -4.620428e-02 
 -5.725621e-02 
 -6.817977e-02 
 -7.894812e-02 
 -8.953477e-02 
 -9.991367e-02 
 -1.100592e-01 
 -1.199464e-01 
 -1.295507e-01 
 -1.388484e-01 
 -1.478165e-01 
 -1.564326e-01 
 -1.646754e-01 
 -1.725243e-01 
 -1.799597e-01 
 -1.869631e-01 
 -1.935168e-01 
 -1.996043e-01 
 -2.052104e-01 
 -2.103207e-01 
 -2.149223e-01 
 -2.190035e-01 
 -2.225536e-01 
 -2.255635e-01 
 -2.280252e-01 
 -2.299323e-01 
 -2.312793e-01 
 -2.320625e-01 
 -2.322794e-01 
 -2.319289e-01 
 -2.310111e-01 
 -2.295279e-01 
 -2.274822e-01 
 -2.248784e-01 
 -2.217223e-01 
 -2.180212e-01 
 -2.137834e-01 
 -2.090188e-01 
 -2.037385e-01 
 -1.979549e-01 
 -1.916815e-01 
 -1.849333e-01 
 -1.777262e-01 
 -1.700773e-01 
 -1.620050e-01 
 -1.535285e-01 
 -1.446681e-01 
 -1.354452e-01 
 -1.258818e-01 
 -1.160009e-01 
 -1.058266e-01 
 -9.538317e-02 
 -8.469603e-02 
 -7.379101e-02 
 -6.269455e-02 
 -5.143358e-02 
 -4.003545e-02 
 -2.852790e-02 
 -1.693893e-02 
 -5.296790e-03 
  6.370112e-03 
  1.803329e-02 
  2.966422e-02 
  4.123444e-02 
  5.271562e-02 
  6.407960e-02 
  7.529848e-02 
  8.634469e-02 
  9.719106e-02 
  1.078109e-01 
  1.181779e-01 
  1.282666e-01 
  1.380521e-01 
  1.475100e-01 
  1.566170e-01 
  1.653504e-01 
  1.736885e-01 
  1.816105e-01 
  1.890967e-01 
  1.961283e-01 
  2.026877e-01 
  2.087583e-01 
  2.143248e-01 
  2.193732e-01 
  2.238905e-01 
  2.278652e-01 
  2.312870e-01 
  2.341470e-01 
  2.364376e-01 
  2.381528e-01 
  2.392876e-01 
  2.398389e-01 
  2.398045e-01 
  2.391841e-01 
  2.379785e-01 
  2.361902e-01 
  2.338229e-01 
  2.308818e-01 
  2.273735e-01 
  2.233061e-01 
  2.186889e-01 
  2.135327e-01 
  2.078496e-01 
  2.016529e-01 
  1.949572e-01 
  1.877784e-01 
  1.801336e-01 
  1.720411e-01 
  1.635201e-01 
  1.545910e-01 
  1.452753e-01 
  1.355954e-01 
  1.255745e-01 
  1.152368e-01 
  1.046073e-01 
  9.371172e-02 
  8.257633e-02 
  7.122816e-02 
  5.969473e-02 
  4.800405e-02 
  3.618454e-02 
  2.426497e-02 
  1.227436e-02 
  2.419657e-04 
 -1.180285e-02 
 -2.383067e-02 
 -3.581206e-02 
 -4.771771e-02 
 -5.951842e-02 
 -7.118527e-02 
 -8.268959e-02 
 -9.400312e-02 
 -1.050980e-01 
 -1.159469e-01 
 -1.265231e-01 
 -1.368004e-01 
 -1.467535e-01 
 -1.563577e-01 
 -1.655892e-01 
 -1.744250e-01 
 -1.828432e-01 
 -1.908228e-01 
 -1.983438e-01 
 -2.053875e-01 
 -2.119361e-01 
 -2.179732e-01 
 -2.234834e-01 
 -2.284529e-01 
 -2.328690e-01 
 -2.367203e-01 
 -2.399968e-01 
 -2.426901e-01 
 -2.447928e-01 
 -2.462995e-01 
 -2.472057e-01 
 -2.475086e-01 
 -2.472071e-01 
 -2.463011e-01 
 -2.447924e-01 
 -2.426840e-01 
 -2.399805e-01 
 -2.366880e-01 
 -2.328139e-01 
 -2.283671e-01 
 -2.233580e-01 
 -2.177982e-01 
 -2.117009e-01 
 -2.050803e-01 
 -1.979522e-01 
 -1.903335e-01 
 -1.822424e-01 
 -1.736982e-01 
 -1.647213e-01 
 -1.553332e-01 
 -1.455566e-01 
 -1.354148e-01 
 -1.249325e-01 
 -1.141348e-01 
 -1.030478e-01 
 -9.169844e-02 
 -8.011412e-02 
 -6.832294e-02 
 -5.635353e-02 
 -4.423497e-02 
 -3.199674e-02 
 -1.966863e-02 
 -7.280703e-03 
  5.136835e-03 
  1.755366e-02 
  2.993942e-02 
  4.226381e-02 
  5.449666e-02 
  6.660798e-02 
  7.856805e-02 
  9.034750e-02 
  1.019174e-01 
  1.132492e-01 
  1.243150e-01 
  1.350875e-01 
  1.455401e-01 
  1.556470e-01 
  1.653832e-01 
  1.747244e-01 
  1.836475e-01 
  1.921302e-01 
  2.001515e-01 
  2.076913e-01 
  2.147307e-01 
  2.212520e-01 
  2.272387e-01 
  2.326759e-01 
  2.375496e-01 
  2.418474e-01 
  2.455583e-01 
  2.486726e-01 
  2.511822e-01 
  2.530804e-01 
  2.543619e-01 
  2.550230e-01 
  2.550616e-01 
  2.544770e-01 
  2.532699e-01 
  2.514428e-01 
  2.489996e-01 
  2.459457e-01 
  2.422878e-01 
  2.380345e-01 
  2.331956e-01 
  2.277823e-01 
  2.218073e-01 
  2.152847e-01 
  2.082300e-01 
  2.006598e-01 
  1.925922e-01 
  1.840465e-01 
  1.750431e-01 
  1.656036e-01 
  1.557506e-01 
  1.455078e-01 
  1.349000e-01 
  1.239526e-01 
  1.126922e-01 
  1.011459e-01 
  8.934172e-02 
  7.730828e-02 
  6.507476e-02 
  5.267088e-02 
  4.012679e-02 
  2.747303e-02 
  1.474040e-02 
  1.959972e-03 
 -1.083708e-02 
 -2.361949e-02 
 -3.635600e-02 
 -4.901544e-02 
 -6.156681e-02 
 -7.397933e-02 
 -8.622252e-02 
 -9.826633e-02 
 -1.100811e-01 
 -1.216378e-01 
 -1.329079e-01 
 -1.438636e-01 
 -1.544779e-01 
 -1.647244e-01 
 -1.745779e-01 
 -1.840138e-01 
 -1.930087e-01 
 -2.015403e-01 
 -2.095872e-01 
 -2.171294e-01 
 -2.241479e-01 
 -2.306252e-01 
 -2.365448e-01 
 -2.418919e-01 
 -2.466527e-01 
 -2.508152e-01 
 -2.543687e-01 
 -2.573038e-01 
 -2.596129e-01 
 -2.612897e-01 
 -2.623296e-01 
 -2.627294e-01 
 -2.624876e-01 
 -2.616041e-01 
 -2.600806e-01 
 -2.579203e-01 
 -2.551277e-01 
 -2.517091e-01 
 -2.476724e-01 
 -2.430269e-01 
 -2.377832e-01 
 -2.319538e-01 
 -2.255523e-01 
 -2.185938e-01 
 -2.110949e-01 
 -2.030734e-01 
 -1.945484e-01 
 -1.855403e-01 
 -1.760706e-01 
 -1.661622e-01 
 -1.558388e-01 
 -1.451252e-01 
 -1.340474e-01 
 -1.226320e-01 
 -1.109066e-01 
 -9.889966e-02 
 -8.664022e-02 
 -7.415802e-02 
 -6.148335e-02 
 -4.864704e-02 
 -3.568030e-02 
 -2.261470e-02 
 -9.482080e-03 
  3.685515e-03 
  1.685594e-02 
  2.999701e-02 
  4.307659e-02 
  5.606265e-02 
  6.892338e-02 
  8.162723e-02 
  9.414301e-02 
  1.064400e-01 
  1.184879e-01 
  1.302570e-01 
  1.417184e-01 
  1.528438e-01 
  1.636056e-01 
  1.739773e-01 
  1.839332e-01 
  1.934485e-01 
  2.024996e-01 
  2.110640e-01 
  2.191203e-01 
  2.266483e-01 
  2.336293e-01 
  2.400456e-01 
  2.458810e-01 
  2.511209e-01 
  2.557518e-01 
  2.597619e-01 
  2.631408e-01 
  2.658798e-01 
  2.679716e-01 
  2.694104e-01 
  2.701922e-01 
  2.703145e-01 
  2.697764e-01 
  2.685786e-01 
  2.667235e-01 
  2.642150e-01 
  2.610588e-01 
  2.572618e-01 
  2.528329e-01 
  2.477823e-01 
  2.421218e-01 
  2.358647e-01 
  2.290257e-01 
  2.216211e-01 
  2.136684e-01 
  2.051867e-01 
  1.961961e-01 
  1.867182e-01 
  1.767757e-01 
  1.663926e-01 
  1.555937e-01 
  1.444052e-01 
  1.328540e-01 
  1.209680e-01 
  1.087761e-01 
  9.630762e-02 
  8.359292e-02 
  7.066281e-02 
  5.754872e-02 
  4.428253e-02 
  3.089653e-02 
  1.742332e-02 
  3.895755e-03 
 -9.653154e-03 
 -2.319032e-02 
 -3.668264e-02 
 -5.009711e-02 
 -6.340087e-02 
 -7.656133e-02 
 -8.954619e-02 
 -1.023236e-01 
 -1.148621e-01 
 -1.271308e-01 
 -1.390996e-01 
 -1.507389e-01 
 -1.620201e-01 
 -1.729151e-01 
 -1.833972e-01 
 -1.934402e-01 
 -2.030193e-01 
 -2.121106e-01 
 -2.206916e-01 
 -2.287407e-01 
 -2.362379e-01 
 -2.431644e-01 
 -2.495028e-01 
 -2.552370e-01 
 -2.603525e-01 
 -2.648363e-01 
 -2.686768e-01 
 -2.718642e-01 
 -2.743901e-01 
 -2.762477e-01 
 -2.774320e-01 
 -2.779393e-01 
 -2.777681e-01 
 -2.769179e-01 
 -2.753904e-01 
 -2.731888e-01 
 -2.703177e-01 
 -2.667836e-01 
 -2.625947e-01 
 -2.577606e-01 
 -2.522924e-01 
 -2.462032e-01 
 -2.395071e-01 
 -2.322201e-01 
 -2.243595e-01 
 -2.159439e-01 
 -2.069935e-01 
 -1.975296e-01 
 -1.875750e-01 
 -1.771536e-01 
 -1.662904e-01 
 -1.550116e-01 
 -1.433444e-01 
 -1.313170e-01 
 -1.189585e-01 
 -1.062988e-01 
 -9.336849e-02 
 -8.019906e-02 
 -6.682246e-02 
 -5.327118e-02 
 -3.957819e-02 
 -2.577685e-02 
 -1.190077e-02 
  2.016185e-03 
  1.594005e-02 
  2.983681e-02 
  4.367247e-02 
  5.741317e-02 
  7.102526e-02 
  8.447536e-02 
  9.773047e-02 
  1.107580e-01 
  1.235260e-01 
  1.360030e-01 
  1.481582e-01 
  1.599617e-01 
  1.713844e-01 
  1.823980e-01 
  1.929752e-01 
  2.030899e-01 
  2.127169e-01 
  2.218323e-01 
  2.304134e-01 
  2.384387e-01 
  2.458882e-01 
  2.527432e-01 
  2.589864e-01 
  2.646021e-01 
  2.695761e-01 
  2.738955e-01 
  2.775494e-01 
  2.805282e-01 
  2.828241e-01 
  2.844308e-01 
  2.853440e-01 
  2.855608e-01 
  2.850800e-01 
  2.839023e-01 
  2.820299e-01 
  2.794668e-01 
  2.762188e-01 
  2.722932e-01 
  2.676990e-01 
  2.624469e-01 
  2.565491e-01 
  2.500196e-01 
  2.428738e-01 
  2.351286e-01 
  2.268024e-01 
  2.179151e-01 
  2.084880e-01 
  1.985436e-01 
  1.881058e-01 
  1.771998e-01 
  1.658517e-01 
  1.540889e-01 
  1.419398e-01 
  1.294339e-01 
  1.166013e-01 
  1.034732e-01 
  9.008129e-02 
  7.645821e-02 
  6.263702e-02 
  4.865131e-02 
  3.453514e-02 
  2.032289e-02 
  6.049215e-03 
 -8.251067e-03 
 -2.254303e-02 
 -3.679174e-02 
 -5.096234e-02 
 -6.502014e-02 
 -7.893070e-02 
 -9.265990e-02 
 -1.061740e-01 
 -1.194399e-01 
 -1.324249e-01 
 -1.450971e-01 
 -1.574252e-01 
 -1.693788e-01 
 -1.809285e-01 
 -1.920456e-01 
 -2.027026e-01 
 -2.128731e-01 
 -2.225319e-01 
 -2.316549e-01 
 -2.402195e-01 
 -2.482041e-01 
 -2.555889e-01 
 -2.623552e-01 
 -2.684861e-01 
 -2.739660e-01 
 -2.787811e-01 
 -2.829190e-01 
 -2.863690e-01 
 -2.891222e-01 
 -2.911712e-01 
 -2.925105e-01 
 -2.931362e-01 
 -2.930462e-01 
 -2.922401e-01 
 -2.907194e-01 
 -2.884872e-01 
 -2.855482e-01 
 -2.819092e-01 
 -2.775785e-01 
 -2.725660e-01 
 -2.668835e-01 
 -2.605443e-01 
 -2.535634e-01 
 -2.459572e-01 
 -2.377440e-01 
 -2.289432e-01 
 -2.195759e-01 
 -2.096645e-01 
 -1.992328e-01 
 -1.883059e-01 
 -1.769100e-01 
 -1.650726e-01 
 -1.528223e-01 
 -1.401887e-01 
 -1.272024e-01 
 -1.138948e-01 
 -1.002981e-01 
 -8.644535e-02 
 -7.237020e-02 
 -5.810686e-02 
 -4.369003e-02 
 -2.915480e-02 
 -1.453661e-02 
  1.289000e-04 
  1.480593e-02 
  2.945862e-02 
  4.405115e-02 
  5.854781e-02 
  7.291310e-02 
  8.711182e-02 
  1.011091e-01 
  1.148707e-01 
  1.283626e-01 
  1.415518e-01 
  1.544058e-01 
  1.668928e-01 
  1.789821e-01 
  1.906438e-01 
  2.018490e-01 
  2.125701e-01 
  2.227805e-01 
  2.324547e-01 
  2.415687e-01 
  2.500999e-01 
  2.580268e-01 
  2.653296e-01 
  2.719900e-01 
  2.779913e-01 
  2.833181e-01 
  2.879570e-01 
  2.918960e-01 
  2.951250e-01 
  2.976356e-01 
  2.994209e-01 
  3.004762e-01 
  3.007982e-01 
  3.003855e-01 
  2.992385e-01 
  2.973596e-01 
  2.947527e-01 
  2.914235e-01 
  2.873797e-01 
  2.826306e-01 
  2.771872e-01 
  2.710622e-01 
  2.642701e-01 
  2.568270e-01 
  2.487505e-01 
  2.400598e-01 
  2.307757e-01 
  2.209205e-01 
  2.105177e-01 
  1.995923e-01 
  1.881706e-01 
  1.762802e-01 
  1.639497e-01 
  1.512089e-01 
  1.380886e-01 
  1.246206e-01 
  1.108374e-01 
  9.677260e-02 
  8.246027e-02 
  6.793518e-02 
  5.323267e-02 
  3.838852e-02 
  2.343889e-02 
  8.420225e-03 
 -6.630827e-03 
 -2.167752e-02 
 -3.668307e-02 
 -5.161080e-02 
 -6.642416e-02 
 -8.108687e-02 
 -9.556298e-02 
 -1.098170e-01 
 -1.238138e-01 
 -1.375192e-01 
 -1.508993e-01 
 -1.639212e-01 
 -1.765529e-01 
 -1.887630e-01 
 -2.005216e-01 
 -2.117994e-01 
 -2.225686e-01 
 -2.328025e-01 
 -2.424755e-01 
 -2.515637e-01 
 -2.600445e-01 
 -2.678964e-01 
 -2.751001e-01 
 -2.816372e-01 
 -2.874913e-01 
 -2.926476e-01 
 -2.970929e-01 
 -3.008159e-01 
 -3.038068e-01 
 -3.060578e-01 
 -3.075628e-01 
 -3.083176e-01 
 -3.083196e-01 
 -3.075685e-01 
 -3.060652e-01 
 -3.038131e-01 
 -3.008170e-01 
 -2.970836e-01 
 -2.926214e-01 
 -2.874410e-01 
 -2.815542e-01 
 -2.749750e-01 
 -2.677189e-01 
 -2.598031e-01 
 -2.512465e-01 
 -2.420694e-01 
 -2.322939e-01 
 -2.219432e-01 
 -2.110423e-01 
 -1.996174e-01 
 -1.876960e-01 
 -1.753068e-01 
 -1.624798e-01 
 -1.492459e-01 
 -1.356373e-01 
 -1.216867e-01 
 -1.074281e-01 
 -9.289611e-02 
 -7.812595e-02 
 -6.315357e-02 
 -4.801538e-02 
 -3.274826e-02 
 -1.738940e-02 
 -1.976262e-03 
  1.345353e-02 
  2.886230e-02 
  4.421236e-02 
  5.946618e-02 
  7.458641e-02 
  8.953600e-02 
  1.042783e-01 
  1.187771e-01 
  1.329968e-01 
  1.469025e-01 
  1.604599e-01 
  1.736356e-01 
  1.863972e-01 
  1.987132e-01 
  2.105530e-01 
  2.218875e-01 
  2.326886e-01 
  2.429294e-01 
  2.525845e-01 
  2.616299e-01 
  2.700430e-01 
  2.778028e-01 
  2.848897e-01 
  2.912861e-01 
  2.969756e-01 
  3.019440e-01 
  3.061784e-01 
  3.096680e-01 
  3.124038e-01 
  3.143783e-01 
  3.155864e-01 
  3.160243e-01 
  3.156905e-01 
  3.145851e-01 
  3.127104e-01 
  3.100703e-01 
  3.066706e-01 
  3.025192e-01 
  2.976255e-01 
  2.920010e-01 
  2.856589e-01 
  2.786141e-01 
  2.708832e-01 
  2.624848e-01 
  2.534387e-01 
  2.437667e-01 
  2.334918e-01 
  2.226387e-01 
  2.112336e-01 
  1.993037e-01 
  1.868780e-01 
  1.739864e-01 
  1.606600e-01 
  1.469310e-01 
  1.328328e-01 
  1.183995e-01 
  1.036660e-01 
  8.866826e-02 
  7.344261e-02 
  5.802610e-02 
  4.245627e-02 
  2.677104e-02 
  1.100864e-02 
 -4.792464e-03 
 -2.059370e-02 
 -3.635645e-02 
 -5.204218e-02 
 -6.761250e-02 
 -8.302930e-02 
 -9.825477e-02 
 -1.132516e-01 
 -1.279829e-01 
 -1.424126e-01 
 -1.565051e-01 
 -1.702258e-01 
 -1.835408e-01 
 -1.964174e-01 
 -2.088237e-01 
 -2.207291e-01 
 -2.321041e-01 
 -2.429205e-01 
 -2.531516e-01 
 -2.627717e-01 
 -2.717571e-01 
 -2.800852e-01 
 -2.877353e-01 
 -2.946880e-01 
 -3.009261e-01 
 -3.064335e-01 
 -3.111964e-01 
 -3.152026e-01 
 -3.184417e-01 
 -3.209052e-01 
 -3.225866e-01 
 -3.234811e-01 
 -3.235860e-01 
 -3.229005e-01 
 -3.214256e-01 
 -3.191643e-01 
 -3.161216e-01 
 -3.123044e-01 
 -3.077214e-01 
 -3.023832e-01 
 -2.963024e-01 
 -2.894932e-01 
 -2.819717e-01 
 -2.737558e-01 
 -2.648651e-01 
 -2.553207e-01 
 -2.451455e-01 
 -2.343640e-01 
 -2.230019e-01 
 -2.110867e-01 
 -1.986471e-01 
 -1.857129e-01 
 -1.723156e-01 
 -1.584875e-01 
 -1.442620e-01 
 -1.296736e-01 
 -1.147577e-01 
 -9.955056e-02 
 -8.408903e-02 
 -6.841073e-02 
 -5.255381e-02 
 -3.655688e-02 
 -2.045892e-02 
 -4.299201e-03 
  1.188285e-02 
  2.804771e-02 
  4.415587e-02 
  6.016793e-02 
  7.604471e-02 
  9.174730e-02 
  1.072372e-01 
  1.224765e-01 
  1.374276e-01 
  1.520539e-01 
  1.663194e-01 
  1.801890e-01 
  1.936285e-01 
  2.066048e-01 
  2.190857e-01 
  2.310406e-01 
  2.424396e-01 
  2.532547e-01 
  2.634590e-01 
  2.730270e-01 
  2.819350e-01 
  2.901606e-01 
  2.976834e-01 
  3.044844e-01 
  3.105465e-01 
  3.158543e-01 
  3.203943e-01 
  3.241549e-01 
  3.271263e-01 
  3.293007e-01 
  3.306722e-01 
  3.312368e-01 
  3.309926e-01 
  3.299397e-01 
  3.280799e-01 
  3.254173e-01 
  3.219578e-01 
  3.177092e-01 
  3.126815e-01 
  3.068862e-01 
  3.003370e-01 
  2.930493e-01 
  2.850405e-01 
  2.763296e-01 
  2.669373e-01 
  2.568862e-01 
  2.462002e-01 
  2.349051e-01 
  2.230280e-01 
  2.105975e-01 
  1.976435e-01 
  1.841974e-01 
  1.702917e-01 
  1.559600e-01 
  1.412370e-01 
  1.261584e-01 
  1.107607e-01 
  9.508146e-02 
  7.915868e-02 
  6.303111e-02 
  4.673800e-02 
  3.031905e-02 
  1.381429e-02 
 -2.736033e-03 
 -1.929151e-02 
 -3.581168e-02 
 -5.225618e-02 
 -6.858476e-02 
 -8.475746e-02 
 -1.007346e-01 
 -1.164771e-01 
 -1.319463e-01 
 -1.471041e-01 
 -1.619134e-01 
 -1.763377e-01 
 -1.903415e-01 
 -2.038902e-01 
 -2.169505e-01 
 -2.294901e-01 
 -2.414780e-01 
 -2.528845e-01 
 -2.636813e-01 
 -2.738416e-01 
 -2.833401e-01 
 -2.921532e-01 
 -3.002588e-01 
 -3.076366e-01 
 -3.142682e-01 
 -3.201367e-01 
 -3.252272e-01 
 -3.295269e-01 
 -3.330246e-01 
 -3.357112e-01 
 -3.375796e-01 
 -3.386246e-01 
 -3.388431e-01 
 -3.382339e-01 
 -3.367981e-01 
 -3.345384e-01 
 -3.314599e-01 
 -3.275695e-01 
 -3.228761e-01 
 -3.173906e-01 
 -3.111259e-01 
 -3.040967e-01 
 -2.963197e-01 
 -2.878133e-01 
 -2.785977e-01 
 -2.686951e-01 
 -2.581291e-01 
 -2.469251e-01 
 -2.351100e-01 
 -2.227122e-01 
 -2.097616e-01 
 -1.962895e-01 
 -1.823284e-01 
 -1.679121e-01 
 -1.530754e-01 
 -1.378545e-01 
 -1.222860e-01 
 -1.064079e-01 
 -9.025875e-02 
 -7.387777e-02 
 -5.730484e-02 
 -4.058031e-02 
 -2.374494e-02 
 -6.839794e-03 
  1.009389e-02 
  2.701475e-02 
  4.388144e-02 
  6.065272e-02 
  7.728754e-02 
  9.374516e-02 
  1.099853e-01 
  1.259680e-01 
  1.416542e-01 
  1.570052e-01 
  1.719834e-01 
  1.865519e-01 
  2.006747e-01 
  2.143172e-01 
  2.274457e-01 
  2.400276e-01 
  2.520319e-01 
  2.634288e-01 
  2.741902e-01 
  2.842892e-01 
  2.937007e-01 
  3.024012e-01 
  3.103691e-01 
  3.175842e-01 
  3.240286e-01 
  3.296858e-01 
  3.345416e-01 
  3.385834e-01 
  3.418010e-01 
  3.441857e-01 
  3.457313e-01 
  3.464334e-01 
  3.462897e-01 
  3.452999e-01 
  3.434658e-01 
  3.407915e-01 
  3.372828e-01 
  3.329477e-01 
  3.277962e-01 
  3.218405e-01 
  3.150944e-01 
  3.075739e-01 
  2.992968e-01 
  2.902829e-01 
  2.805536e-01 
  2.701323e-01 
  2.590438e-01 
  2.473150e-01 
  2.349739e-01 
  2.220503e-01 
  2.085753e-01 
  1.945816e-01 
  1.801030e-01 
  1.651744e-01 
  1.498320e-01 
  1.341131e-01 
  1.180558e-01 
  1.016991e-01 
  8.508275e-02 
  6.824715e-02 
  5.123330e-02 
  3.408264e-02 
  1.683698e-02 
 -4.616087e-04 
 -1.777090e-02 
 -3.504862e-02 
 -5.225253e-02 
 -6.934055e-02 
 -8.627085e-02 
 -1.030020e-01 
 -1.194929e-01 
 -1.357031e-01 
 -1.515929e-01 
 -1.671233e-01 
 -1.822559e-01 
 -1.969536e-01 
 -2.111802e-01 
 -2.249006e-01 
 -2.380809e-01 
 -2.506886e-01 
 -2.626925e-01 
 -2.740628e-01 
 -2.847714e-01 
 -2.947915e-01 
 -3.040983e-01 
 -3.126686e-01 
 -3.204808e-01 
 -3.275155e-01 
 -3.337549e-01 
 -3.391831e-01 
 -3.437865e-01 
 -3.475532e-01 
 -3.504733e-01 
 -3.525393e-01 
 -3.537455e-01 
 -3.540884e-01 
 -3.535664e-01 
 -3.521805e-01 
 -3.499332e-01 
 -3.468296e-01 
 -3.428766e-01 
 -3.380833e-01 
 -3.324609e-01 
 -3.260226e-01 
 -3.187835e-01 
 -3.107607e-01 
 -3.019734e-01 
 -2.924425e-01 
 -2.821908e-01 
 -2.712428e-01 
 -2.596248e-01 
 -2.473648e-01 
 -2.344922e-01 
 -2.210381e-01 
 -2.070351e-01 
 -1.925168e-01 
 -1.775185e-01 
 -1.620765e-01 
 -1.462282e-01 
 -1.300120e-01 
 -1.134673e-01 
 -9.663439e-02 
 -7.955408e-02 
 -6.226798e-02 
 -4.481818e-02 
 -2.724720e-02 
 -9.597896e-03 
  8.086676e-03 
  2.576333e-02 
  4.338888e-02 
  6.092023e-02 
  7.831448e-02 
  9.552904e-02 
  1.125218e-01 
  1.292509e-01 
  1.456756e-01 
  1.617553e-01 
  1.774506e-01 
  1.927229e-01 
  2.075345e-01 
  2.218491e-01 
  2.356313e-01 
  2.488471e-01 
  2.614637e-01 
  2.734501e-01 
  2.847764e-01 
  2.954146e-01 
  3.053382e-01 
  3.145225e-01 
  3.229446e-01 
  3.305834e-01 
  3.374197e-01 
  3.434363e-01 
  3.486179e-01 
  3.529513e-01 
  3.564254e-01 
  3.590311e-01 
  3.607615e-01 
  3.616117e-01 
  3.615792e-01 
  3.606633e-01 
  3.588658e-01 
  3.561905e-01 
  3.526433e-01 
  3.482322e-01 
  3.429676e-01 
  3.368617e-01 
  3.299289e-01 
  3.221855e-01 
  3.136499e-01 
  3.043426e-01 
  2.942856e-01 
  2.835031e-01 
  2.720209e-01 
  2.598667e-01 
  2.470697e-01 
  2.336606e-01 
  2.196720e-01 
  2.051375e-01 
  1.900923e-01 
  1.745729e-01 
  1.586168e-01 
  1.422628e-01 
  1.255504e-01 
  1.085204e-01 
  9.121414e-02 
  7.367367e-02 
  5.594171e-02 
  3.806146e-02 
  2.007650e-02 
  2.030710e-03 
 -1.603188e-02 
 -3.406714e-02 
 -5.203099e-02 
 -6.987951e-02 
 -8.756901e-02 
 -1.050562e-01 
 -1.222981e-01 
 -1.392526e-01 
 -1.558781e-01 
 -1.721336e-01 
 -1.879792e-01 
 -2.033760e-01 
 -2.182860e-01 
 -2.326725e-01 
 -2.465001e-01 
 -2.597345e-01 
 -2.723430e-01 
 -2.842945e-01 
 -2.955593e-01 
 -3.061095e-01 
 -3.159187e-01 
 -3.249626e-01 
 -3.332186e-01 
 -3.406659e-01 
 -3.472860e-01 
 -3.530619e-01 
 -3.579792e-01 
 -3.620252e-01 
 -3.651894e-01 
 -3.674636e-01 
 -3.688417e-01 
 -3.693196e-01 
 -3.688957e-01 
 -3.675703e-01 
 -3.653462e-01 
 -3.622282e-01 
 -3.582233e-01 
 -3.533408e-01 
 -3.475919e-01 
 -3.409902e-01 
 -3.335513e-01 
 -3.252928e-01 
 -3.162343e-01 
 -3.063974e-01 
 -2.958058e-01 
 -2.844846e-01 
 -2.724613e-01 
 -2.597646e-01 
 -2.464252e-01 
 -2.324751e-01 
 -2.179482e-01 
 -2.028796e-01 
 -1.873056e-01 
 -1.712640e-01 
 -1.547938e-01 
 -1.379348e-01 
 -1.207280e-01 
 -1.032152e-01 
 -8.543905e-02 
 -6.744273e-02 
 -4.927009e-02 
 -3.096542e-02 
 -1.257334e-02 
  5.861264e-03 
  2.429339e-02 
  4.267800e-02 
  6.097016e-02 
  7.912511e-02 
  9.709842e-02 
  1.148461e-01 
  1.323245e-01 
  1.494910e-01 
  1.663032e-01 
  1.827200e-01 
  1.987009e-01 
  2.142067e-01 
  2.291991e-01 
  2.436413e-01 
  2.574975e-01 
  2.707335e-01 
  2.833167e-01 
  2.952158e-01 
  3.064013e-01 
  3.168456e-01 
  3.265225e-01 
  3.354080e-01 
  3.434798e-01 
  3.507177e-01 
  3.571035e-01 
  3.626210e-01 
  3.672562e-01 
  3.709973e-01 
  3.738345e-01 
  3.757603e-01 
  3.767694e-01 
  3.768588e-01 
  3.760277e-01 
  3.742775e-01 
  3.716120e-01 
  3.680369e-01 
  3.635606e-01 
  3.581933e-01 
  3.519477e-01 
  3.448383e-01 
  3.368821e-01 
  3.280979e-01 
  3.185067e-01 
  3.081314e-01 
  2.969968e-01 
  2.851297e-01 
  2.725585e-01 
  2.593137e-01 
  2.454269e-01 
  2.309319e-01 
  2.158637e-01 
  2.002586e-01 
  1.841544e-01 
  1.675903e-01 
  1.506063e-01 
  1.332437e-01 
  1.155446e-01 
  9.755218e-02 
  7.931009e-02 
  6.086278e-02 
  4.225517e-02 
  2.353262e-02 
  4.740803e-03 
 -1.407442e-02 
 -3.286711e-02 
 -5.159133e-02 
 -7.020129e-02 
 -8.865147e-02 
 -1.068967e-01 
 -1.248923e-01 
 -1.425940e-01 
 -1.599586e-01 
 -1.769433e-01 
 -1.935065e-01 
 -2.096073e-01 
 -2.252063e-01 
 -2.402649e-01 
 -2.547460e-01 
 -2.686139e-01 
 -2.818343e-01 
 -2.943746e-01 
 -3.062036e-01 
 -3.172921e-01 
 -3.276124e-01 
 -3.371389e-01 
 -3.458478e-01 
 -3.537173e-01 
 -3.607277e-01 
 -3.668613e-01 
 -3.721026e-01 
 -3.764383e-01 
 -3.798570e-01 
 -3.823501e-01 
 -3.839107e-01 
 -3.845344e-01 
 -3.842193e-01 
 -3.829654e-01 
 -3.807752e-01 
 -3.776535e-01 
 -3.736074e-01 
 -3.686461e-01 
 -3.627813e-01 
 -3.560266e-01 
 -3.483980e-01 
 -3.399137e-01 
 -3.305938e-01 
 -3.204605e-01 
 -3.095381e-01 
 -2.978529e-01 
 -2.854328e-01 
 -2.723077e-01 
 -2.585094e-01 
 -2.440710e-01 
 -2.290275e-01 
 -2.134152e-01 
 -1.972720e-01 
 -1.806368e-01 
 -1.635502e-01 
 -1.460534e-01 
 -1.281890e-01 
 -1.100005e-01 
 -9.153203e-02 
 -7.282856e-02 
 -5.393563e-02 
 -3.489928e-02 
 -1.576594e-02 
  3.417727e-03 
  2.260488e-02 
  4.174865e-02 
  6.080224e-02 
  7.971905e-02 
  9.845279e-02 
  1.169576e-01 
  1.351881e-01 
  1.530995e-01 
  1.706481e-01 
  1.877905e-01 
  2.044848e-01 
  2.206899e-01 
  2.363658e-01 
  2.514740e-01 
  2.659772e-01 
  2.798396e-01 
  2.930270e-01 
  3.055066e-01 
  3.172477e-01 
  3.282210e-01 
  3.383992e-01 
  3.477571e-01 
  3.562713e-01 
  3.639204e-01 
  3.706852e-01 
  3.765487e-01 
  3.814960e-01 
  3.855144e-01 
  3.885936e-01 
  3.907255e-01 
  3.919042e-01 
  3.921263e-01 
  3.913907e-01 
  3.896986e-01 
  3.870536e-01 
  3.834615e-01 
  3.789305e-01 
  3.734711e-01 
  3.670961e-01 
  3.598205e-01 
  3.516616e-01 
  3.426387e-01 
  3.327733e-01 
  3.220890e-01 
  3.106115e-01 
  2.983682e-01 
  2.853887e-01 
  2.717041e-01 
  2.573476e-01 
  2.423537e-01 
  2.267587e-01 
  2.106003e-01 
  1.939177e-01 
  1.767512e-01 
  1.591426e-01 
  1.411346e-01 
  1.227709e-01 
  1.040961e-01 
  8.515582e-02 
  6.599601e-02 
  4.666339e-02 
  2.720508e-02 
  7.668527e-03 
 -1.189858e-02 
 -3.144845e-02 
 -5.093334e-02 
 -7.030558e-02 
 -8.951781e-02 
 -1.085230e-01 
 -1.272745e-01 
 -1.457265e-01 
 -1.638337e-01 
 -1.815516e-01 
 -1.988367e-01 
 -2.156466e-01 
 -2.319398e-01 
 -2.476763e-01 
 -2.628172e-01 
 -2.773253e-01 
 -2.911648e-01 
 -3.043013e-01 
 -3.167025e-01 
 -3.283374e-01 
 -3.391774e-01 
 -3.491954e-01 
 -3.583664e-01 
 -3.666676e-01 
 -3.740780e-01 
 -3.805792e-01 
 -3.861547e-01 
 -3.907902e-01 
 -3.944740e-01 
 -3.971964e-01 
 -3.989502e-01 
 -3.997305e-01 
 -3.995349e-01 
 -3.983632e-01 
 -3.962178e-01 
 -3.931032e-01 
 -3.890266e-01 
 -3.839972e-01 
 -3.780268e-01 
 -3.711295e-01 
 -3.633215e-01 
 -3.546214e-01 
 -3.450498e-01 
 -3.346297e-01 
 -3.233859e-01 
 -3.113455e-01 
 -2.985374e-01 
 -2.849925e-01 
 -2.707433e-01 
 -2.558243e-01 
 -2.402714e-01 
 -2.241225e-01 
 -2.074164e-01 
 -1.901937e-01 
 -1.724962e-01 
 -1.543668e-01 
 -1.358495e-01 
 -1.169894e-01 
 -9.783235e-02 
 -7.842490e-02 
 -5.881435e-02 
 -3.904847e-02 
 -1.917548e-02 
  7.561603e-04 
  2.069778e-02 
  4.060069e-02 
  6.041622e-02 
  8.009594e-02 
  9.959167e-02 
  1.188557e-01 
  1.378408e-01 
  1.565005e-01 
  1.747889e-01 
  1.926612e-01 
  2.100735e-01 
  2.269830e-01 
  2.433480e-01 
  2.591283e-01 
  2.742849e-01 
  2.887805e-01 
  3.025793e-01 
  3.156471e-01 
  3.279517e-01 
  3.394624e-01 
  3.501507e-01 
  3.599900e-01 
  3.689558e-01 
  3.770257e-01 
  3.841794e-01 
  3.903988e-01 
  3.956683e-01 
  3.999745e-01 
  4.033062e-01 
  4.056547e-01 
  4.070137e-01 
  4.073793e-01 
  4.067500e-01 
  4.051268e-01 
  4.025131e-01 
  3.989146e-01 
  3.943396e-01 
  3.887987e-01 
  3.823048e-01 
  3.748733e-01 
  3.665218e-01 
  3.572700e-01 
  3.471402e-01 
  3.361564e-01 
  3.243452e-01 
  3.117347e-01 
  2.983554e-01 
  2.842395e-01 
  2.694210e-01 
  2.539357e-01 
  2.378211e-01 
  2.211162e-01 
  2.038614e-01 
  1.860985e-01 
  1.678707e-01 
  1.492222e-01 
  1.301983e-01 
  1.108453e-01 
  9.121023e-02 
  7.134091e-02 
  5.128573e-02 
  3.109358e-02 
  1.081372e-02 
 -9.504382e-03 
 -2.981110e-02 
 -5.005684e-02 
 -7.019208e-02 
 -9.016760e-02 
 -1.099345e-01 
 -1.294444e-01 
 -1.486494e-01 
 -1.675025e-01 
 -1.859574e-01 
 -2.039688e-01 
 -2.214924e-01 
 -2.384852e-01 
 -2.549053e-01 
 -2.707124e-01 
 -2.858673e-01 
 -3.003328e-01 
 -3.140730e-01 
 -3.270540e-01 
 -3.392437e-01 
 -3.506118e-01 
 -3.611301e-01 
 -3.707724e-01 
 -3.795145e-01 
 -3.873348e-01 
 -3.942134e-01 
 -4.001331e-01 
 -4.050788e-01 
 -4.090379e-01 
 -4.120002e-01 
 -4.139579e-01 
 -4.149055e-01 
 -4.148402e-01 
 -4.137616e-01 
 -4.116716e-01 
 -4.085750e-01 
 -4.044785e-01 
 -3.993917e-01 
 -3.933263e-01 
 -3.862968e-01 
 -3.783196e-01 
 -3.694137e-01 
 -3.596004e-01 
 -3.489030e-01 
 -3.373472e-01 
 -3.249608e-01 
 -3.117735e-01 
 -2.978171e-01 
 -2.831252e-01 
 -2.677332e-01 
 -2.516785e-01 
 -2.349998e-01 
 -2.177375e-01 
 -1.999334e-01 
 -1.816308e-01 
 -1.628740e-01 
 -1.437086e-01 
 -1.241812e-01 
 -1.043393e-01 
 -8.423119e-02 
 -6.390578e-02 
 -4.341264e-02 
 -2.280172e-02 
 -2.123316e-03 
  1.857211e-02 
  3.923400e-02 
  5.981188e-02 
  8.025542e-02 
  1.005146e-01 
  1.205399e-01 
  1.402821e-01 
  1.596930e-01 
  1.787249e-01 
  1.973310e-01 
  2.154658e-01 
  2.330847e-01 
  2.501442e-01 
  2.666025e-01 
  2.824189e-01 
  2.975545e-01 
  3.119720e-01 
  3.256356e-01 
  3.385115e-01 
  3.505680e-01 
  3.617750e-01 
  3.721047e-01 
  3.815314e-01 
  3.900315e-01 
  3.975837e-01 
  4.041691e-01 
  4.097710e-01 
  4.143752e-01 
  4.179698e-01 
  4.205455e-01 
  4.220955e-01 
  4.226153e-01 
  4.221032e-01 
  4.205597e-01 
  4.179881e-01 
  4.143940e-01 
  4.097857e-01 
  4.041739e-01 
  3.975716e-01 
  3.899945e-01 
  3.814605e-01 
  3.719899e-01 
  3.616054e-01 
  3.503317e-01 
  3.381959e-01 
  3.252272e-01 
  3.114568e-01 
  2.969179e-01 
  2.816454e-01 
  2.656764e-01 
  2.490495e-01 
  2.318049e-01 
  2.139843e-01 
  1.956310e-01 
  1.767895e-01 
  1.575056e-01 
  1.378261e-01 
  1.177989e-01 
  9.747268e-02 
  7.689692e-02 
  5.612177e-02 
  3.519784e-02 
  1.417619e-02 
 -6.891914e-03 
 -2.795502e-02 
 -4.896167e-02 
 -6.986052e-02 
 -9.060046e-02 
 -1.111307e-01 
 -1.314011e-01 
 -1.513619e-01 
 -1.709641e-01 
 -1.901597e-01 
 -2.089017e-01 
 -2.271438e-01 
 -2.448414e-01 
 -2.619508e-01 
 -2.784299e-01 
 -2.942382e-01 
 -3.093366e-01 
 -3.236879e-01 
 -3.372566e-01 
 -3.500091e-01 
 -3.619138e-01 
 -3.729411e-01 
 -3.830636e-01 
 -3.922562e-01 
 -4.004957e-01 
 -4.077616e-01 
 -4.140356e-01 
 -4.193017e-01 
 -4.235466e-01 
 -4.267593e-01 
 -4.289314e-01 
 -4.300570e-01 
 -4.301328e-01 
 -4.291581e-01 
 -4.271345e-01 
 -4.240664e-01 
 -4.199609e-01 
 -4.148273e-01 
 -4.086775e-01 
 -4.015262e-01 
 -3.933900e-01 
 -3.842885e-01 
 -3.742433e-01 
 -3.632784e-01 
 -3.514200e-01 
 -3.386967e-01 
 -3.251391e-01 
 -3.107797e-01 
 -2.956533e-01 
 -2.797964e-01 
 -2.632472e-01 
 -2.460459e-01 
 -2.282340e-01 
 -2.098548e-01 
 -1.909529e-01 
 -1.715740e-01 
 -1.517654e-01 
 -1.315751e-01 
 -1.110523e-01 
 -9.024682e-02 
 -6.920945e-02 
 -4.799141e-02 
 -2.664442e-02 
 -5.220563e-03 
  1.622787e-02 
  3.764851e-02 
  5.898900e-02 
  8.019718e-02 
  1.012212e-01 
  1.220095e-01 
  1.425113e-01 
  1.626763e-01 
  1.824550e-01 
  2.017990e-01 
  2.206607e-01 
  2.389939e-01 
  2.567533e-01 
  2.738954e-01 
  2.903779e-01 
  3.061602e-01 
  3.212033e-01 
  3.354702e-01 
  3.489255e-01 
  3.615359e-01 
  3.732702e-01 
  3.840991e-01 
  3.939959e-01 
  4.029356e-01 
  4.108961e-01 
  4.178574e-01 
  4.238017e-01 
  4.287142e-01 
  4.325823e-01 
  4.353958e-01 
  4.371474e-01 
  4.378322e-01 
  4.374479e-01 
  4.359949e-01 
  4.334762e-01 
  4.298973e-01 
  4.252664e-01 
  4.195943e-01 
  4.128942e-01 
  4.051818e-01 
  3.964756e-01 
  3.867963e-01 
  3.761668e-01 
  3.646128e-01 
  3.521619e-01 
  3.388440e-01 
  3.246912e-01 
  3.097376e-01 
  2.940193e-01 
  2.775743e-01 
  2.604424e-01 
  2.426650e-01 
  2.242852e-01 
  2.053475e-01 
  1.858980e-01 
  1.659838e-01 
  1.456534e-01 
  1.249562e-01 
  1.039425e-01 
  8.266352e-02 
  6.117107e-02 
  3.951753e-02 
  1.775572e-02 
 -4.061266e-03 
 -2.588017e-02 
 -4.764769e-02 
 -6.931064e-02 
 -9.081603e-02 
 -1.121113e-01 
 -1.331442e-01 
 -1.538633e-01 
 -1.742178e-01 
 -1.941578e-01 
 -2.136343e-01 
 -2.325996e-01 
 -2.510070e-01 
 -2.688112e-01 
 -2.859685e-01 
 -3.024366e-01 
 -3.181748e-01 
 -3.331444e-01 
 -3.473084e-01 
 -3.606317e-01 
 -3.730813e-01 
 -3.846263e-01 
 -3.952382e-01 
 -4.048903e-01 
 -4.135588e-01 
 -4.212217e-01 
 -4.278599e-01 
 -4.334567e-01 
 -4.379977e-01 
 -4.414713e-01 
 -4.438685e-01 
 -4.451828e-01 
 -4.454105e-01 
 -4.445503e-01 
 -4.426039e-01 
 -4.395753e-01 
 -4.354714e-01 
 -4.303017e-01 
 -4.240781e-01 
 -4.168154e-01 
 -4.085307e-01 
 -3.992437e-01 
 -3.889766e-01 
 -3.777538e-01 
 -3.656024e-01 
 -3.525514e-01 
 -3.386324e-01 
 -3.238787e-01 
 -3.083261e-01 
 -2.920120e-01 
 -2.749760e-01 
 -2.572592e-01 
 -2.389045e-01 
 -2.199566e-01 
 -2.004612e-01 
 -1.804658e-01 
 -1.600188e-01 
 -1.391702e-01 
 -1.179704e-01 
 -9.647118e-02 
 -7.472485e-02 
 -5.278438e-02 
 -3.070329e-02 
 -8.535415e-03 
  1.366513e-02 
  3.584413e-02 
  5.794741e-02 
  7.992093e-02 
  1.017109e-01 
  1.232641e-01 
  1.445277e-01 
  1.654496e-01 
  1.859786e-01 
  2.060641e-01 
  2.256571e-01 
  2.447093e-01 
  2.631739e-01 
  2.810056e-01 
  2.981603e-01 
  3.145959e-01 
  3.302718e-01 
  3.451493e-01 
  3.591917e-01 
  3.723643e-01 
  3.846343e-01 
  3.959713e-01 
  4.063472e-01 
  4.157360e-01 
  4.241144e-01 
  4.314614e-01 
  4.377583e-01 
  4.429894e-01 
  4.471412e-01 
  4.502031e-01 
  4.521670e-01 
  4.530274e-01 
  4.527818e-01 
  4.514302e-01 
  4.489752e-01 
  4.454223e-01 
  4.407795e-01 
  4.350577e-01 
  4.282702e-01 
  4.204331e-01 
  4.115650e-01 
  4.016869e-01 
  3.908224e-01 
  3.789977e-01 
  3.662410e-01 
  3.525831e-01 
  3.380567e-01 
  3.226970e-01 
  3.065410e-01 
  2.896278e-01 
  2.719982e-01 
  2.536951e-01 
  2.347626e-01 
  2.152468e-01 
  1.951949e-01 
  1.746558e-01 
  1.536793e-01 
  1.323163e-01 
  1.106190e-01 
  8.864011e-02 
  6.643317e-02 
  4.405230e-02 
  2.155210e-02 
 -1.012555e-03 
 -2.358657e-02 
 -4.611480e-02 
 -6.854221e-02 
 -9.081395e-02 
 -1.128756e-01 
 -1.346730e-01 
 -1.561529e-01 
 -1.772627e-01 
 -1.979506e-01 
 -2.181657e-01 
 -2.378586e-01 
 -2.569808e-01 
 -2.754853e-01 
 -2.933267e-01 
 -3.104609e-01 
 -3.268457e-01 
 -3.424408e-01 
 -3.572076e-01 
 -3.711096e-01 
 -3.841125e-01 
 -3.961839e-01 
 -4.072940e-01 
 -4.174150e-01 
 -4.265218e-01 
 -4.345915e-01 
 -4.416040e-01 
 -4.475415e-01 
 -4.523889e-01 
 -4.561340e-01 
 -4.587668e-01 
 -4.602805e-01 
 -4.606708e-01 
 -4.599361e-01 
 -4.580776e-01 
 -4.550992e-01 
 -4.510078e-01 
 -4.458126e-01 
 -4.395259e-01 
 -4.321623e-01 
 -4.237394e-01 
 -4.142771e-01 
 -4.037980e-01 
 -3.923272e-01 
 -3.798922e-01 
 -3.665229e-01 
 -3.522514e-01 
 -3.371122e-01 
 -3.211417e-01 
 -3.043786e-01 
 -2.868633e-01 
 -2.686383e-01 
 -2.497478e-01 
 -2.302374e-01 
 -2.101546e-01 
 -1.895481e-01 
 -1.684680e-01 
 -1.469656e-01 
 -1.250930e-01 
 -1.029036e-01 
 -8.045144e-02 
 -5.779116e-02 
 -3.497803e-02 
 -1.206769e-02 
  1.088394e-02 
  3.382083e-02 
  5.668694e-02 
  7.942637e-02 
  1.019835e-01 
  1.243032e-01 
  1.463308e-01 
  1.680123e-01 
  1.892946e-01 
  2.101255e-01 
  2.304539e-01 
  2.502299e-01 
  2.694048e-01 
  2.879316e-01 
  3.057647e-01 
  3.228601e-01 
  3.391757e-01 
  3.546713e-01 
  3.693085e-01 
  3.830512e-01 
  3.958654e-01 
  4.077192e-01 
  4.185833e-01 
  4.284306e-01 
  4.372365e-01 
  4.449789e-01 
  4.516385e-01 
  4.571984e-01 
  4.616444e-01 
  4.649652e-01 
  4.671519e-01 
  4.681988e-01 
  4.681027e-01 
  4.668631e-01 
  4.644827e-01 
  4.609665e-01 
  4.563226e-01 
  4.505618e-01 
  4.436976e-01 
  4.357462e-01 
  4.267263e-01 
  4.166596e-01 
  4.055701e-01 
  3.934844e-01 
  3.804314e-01 
  3.664425e-01 
  3.515515e-01 
  3.357942e-01 
  3.192088e-01 
  3.018352e-01 
  2.837156e-01 
  2.648937e-01 
  2.454153e-01 
  2.253276e-01 
  2.046792e-01 
  1.835205e-01 
  1.619027e-01 
  1.398785e-01 
  1.175015e-01 
  9.482611e-02 
  7.190758e-02 
  4.880178e-02 
  2.556505e-02 
  2.254081e-03 
 -2.107423e-02 
 -4.436290e-02 
 -6.755502e-02 
 -9.059391e-02 
 -1.134232e-01 
 -1.359870e-01 
 -1.582302e-01 
 -1.800981e-01 
 -2.015372e-01 
 -2.224949e-01 
 -2.429198e-01 
 -2.627617e-01 
 -2.819719e-01 
 -3.005031e-01 
 -3.183097e-01 
 -3.353478e-01 
 -3.515754e-01 
 -3.669526e-01 
 -3.814412e-01 
 -3.950055e-01 
 -4.076119e-01 
 -4.192291e-01 
 -4.298281e-01 
 -4.393827e-01 
 -4.478689e-01 
 -4.552655e-01 
 -4.615539e-01 
 -4.667181e-01 
 -4.707449e-01 
 -4.736240e-01 
 -4.753478e-01 
 -4.759114e-01 
 -4.753129e-01 
 -4.735532e-01 
 -4.706359e-01 
 -4.665677e-01 
 -4.613578e-01 
 -4.550185e-01 
 -4.475646e-01 
 -4.390138e-01 
 -4.293865e-01 
 -4.187055e-01 
 -4.069966e-01 
 -3.942876e-01 
 -3.806093e-01 
 -3.659945e-01 
 -3.504784e-01 
 -3.340985e-01 
 -3.168944e-01 
 -2.989076e-01 
 -2.801818e-01 
 -2.607622e-01 
 -2.406961e-01 
 -2.200320e-01 
 -1.988201e-01 
 -1.771120e-01 
 -1.549604e-01 
 -1.324193e-01 
 -1.095435e-01 
 -8.638868e-02 
 -6.301129e-02 
 -3.946831e-02 
 -1.581717e-02 
  7.884414e-03 
  3.157858e-02 
  5.520745e-02 
  7.871327e-02 
  1.020386e-01 
  1.251263e-01 
  1.479199e-01 
  1.703636e-01 
  1.924024e-01 
  2.139822e-01 
  2.350501e-01 
  2.555545e-01 
  2.754448e-01 
  2.946723e-01 
  3.131897e-01 
  3.309513e-01 
  3.479135e-01 
  3.640343e-01 
  3.792740e-01 
  3.935949e-01 
  4.069616e-01 
  4.193410e-01 
  4.307022e-01 
  4.410172e-01 
  4.502601e-01 
  4.584079e-01 
  4.654401e-01 
  4.713390e-01 
  4.760896e-01 
  4.796797e-01 
  4.821000e-01 
  4.833440e-01 
  4.834080e-01 
  4.822914e-01 
  4.799963e-01 
  4.765277e-01 
  4.718935e-01 
  4.661044e-01 
  4.591740e-01 
  4.511187e-01 
  4.419575e-01 
  4.317124e-01 
  4.204078e-01 
  4.080708e-01 
  3.947310e-01 
  3.804205e-01 
  3.651737e-01 
  3.490276e-01 
  3.320209e-01 
  3.141950e-01 
  2.955928e-01 
  2.762595e-01 
  2.562420e-01 
  2.355887e-01 
  2.143498e-01 
  1.925769e-01 
  1.703229e-01 
  1.476420e-01 
  1.245893e-01 
  1.012209e-01 
  7.759381e-02 
  5.376558e-02 
  2.979431e-02 
  9.214226e-03 
 -1.136586e-02 
 -3.194594e-02 
 -5.252603e-02 
 -7.310611e-02 
 -9.368620e-02 
 -1.142663e-01 
 -1.348464e-01 
 -1.554265e-01 
 -1.760065e-01 
 -1.965866e-01 
 -2.171667e-01 
 -2.377468e-01 
 -2.583269e-01 
 -2.789070e-01 
 -2.994870e-01 
 -3.200671e-01 
 -3.406472e-01 
 -3.612273e-01 
 -3.818074e-01 
 -4.023875e-01 
 -4.229676e-01 
 -4.421934e-01 
 -4.229676e-01 
 -4.037418e-01 
 -3.845160e-01 
 -3.652902e-01 
 -3.460644e-01 
 -3.268386e-01 
 -3.076128e-01 
 -2.883870e-01 
 -2.691612e-01 
 -2.499354e-01 
 -2.307096e-01 
 -2.114838e-01 
 -1.922580e-01 
 -1.730322e-01 
 -1.538064e-01 
 -1.345806e-01 
 -1.153548e-01 
 -9.612899e-02 
 -7.690319e-02 
 -5.767739e-02 
 -3.845160e-02 
 -1.922580e-02 
  0.000000e+00 
