  1.197474e-04 
  3.586576e-04 
  5.958158e-04 
  8.300610e-04 
  1.060243e-03 
  1.285227e-03 
  1.503896e-03 
  1.715157e-03 
  1.917945e-03 
  2.111224e-03 
  2.293996e-03 
  2.465298e-03 
  2.624213e-03 
  2.769867e-03 
  2.901436e-03 
  3.018150e-03 
  3.119292e-03 
  3.204204e-03 
  3.272288e-03 
  3.323009e-03 
  3.355899e-03 
  3.370556e-03 
  3.366646e-03 
  3.343908e-03 
  3.302151e-03 
  3.241258e-03 
  3.161184e-03 
  3.061960e-03 
  2.943692e-03 
  2.806559e-03 
  2.650817e-03 
  2.476793e-03 
  2.284891e-03 
  2.075584e-03 
  1.849419e-03 
  1.607012e-03 
  1.349048e-03 
  1.076276e-03 
  7.895117e-04 
  4.896325e-04 
  1.775744e-04 
 -1.456699e-04 
 -4.790540e-04 
 -8.214812e-04 
 -1.171808e-03 
 -1.528847e-03 
 -1.891370e-03 
 -2.258117e-03 
 -2.627790e-03 
 -2.999069e-03 
 -3.370606e-03 
 -3.741038e-03 
 -4.108983e-03 
 -4.473052e-03 
 -4.831849e-03 
 -5.183978e-03 
 -5.528046e-03 
 -5.862669e-03 
 -6.186476e-03 
 -6.498112e-03 
 -6.796248e-03 
 -7.079581e-03 
 -7.346837e-03 
 -7.596783e-03 
 -7.828222e-03 
 -8.040006e-03 
 -8.231034e-03 
 -8.400260e-03 
 -8.546693e-03 
 -8.669406e-03 
 -8.767534e-03 
 -8.840284e-03 
 -8.886932e-03 
 -8.906828e-03 
 -8.899403e-03 
 -8.864165e-03 
 -8.800707e-03 
 -8.708705e-03 
 -8.587924e-03 
 -8.438217e-03 
 -8.259525e-03 
 -8.051883e-03 
 -7.815418e-03 
 -7.550347e-03 
 -7.256983e-03 
 -6.935730e-03 
 -6.587087e-03 
 -6.211645e-03 
 -5.810084e-03 
 -5.383178e-03 
 -4.931787e-03 
 -4.456862e-03 
 -3.959437e-03 
 -3.440630e-03 
 -2.901639e-03 
 -2.343741e-03 
 -1.768288e-03 
 -1.176704e-03 
 -5.704801e-04 
  4.882723e-05 
  6.796013e-04 
  1.320169e-03 
  1.968805e-03 
  2.623738e-03 
  3.283153e-03 
  3.945198e-03 
  4.607988e-03 
  5.269611e-03 
  5.928134e-03 
  6.581607e-03 
  7.228070e-03 
  7.865557e-03 
  8.492103e-03 
  9.105750e-03 
  9.704553e-03 
  1.028658e-02 
  1.084994e-02 
  1.139274e-02 
  1.191316e-02 
  1.240939e-02 
  1.287969e-02 
  1.332236e-02 
  1.373576e-02 
  1.411831e-02 
  1.446851e-02 
  1.478493e-02 
  1.506621e-02 
  1.531108e-02 
  1.551836e-02 
  1.568696e-02 
  1.581589e-02 
  1.590424e-02 
  1.595124e-02 
  1.595619e-02 
  1.591853e-02 
  1.583780e-02 
  1.571365e-02 
  1.554586e-02 
  1.533432e-02 
  1.507903e-02 
  1.478015e-02 
  1.443793e-02 
  1.405274e-02 
  1.362511e-02 
  1.315565e-02 
  1.264512e-02 
  1.209440e-02 
  1.150447e-02 
  1.087647e-02 
  1.021161e-02 
  9.511249e-03 
  8.776845e-03 
  8.009968e-03 
  7.212293e-03 
  6.385599e-03 
  5.531764e-03 
  4.652760e-03 
  3.750648e-03 
  2.827575e-03 
  1.885769e-03 
  9.275296e-04 
 -4.477145e-05 
 -1.028701e-03 
 -2.021768e-03 
 -3.021431e-03 
 -4.025105e-03 
 -5.030165e-03 
 -6.033959e-03 
 -7.033808e-03 
 -8.027018e-03 
 -9.010885e-03 
 -9.982701e-03 
 -1.093977e-02 
 -1.187939e-02 
 -1.279891e-02 
 -1.369568e-02 
 -1.456709e-02 
 -1.541058e-02 
 -1.622364e-02 
 -1.700380e-02 
 -1.774868e-02 
 -1.845594e-02 
 -1.912335e-02 
 -1.974874e-02 
 -2.033004e-02 
 -2.086528e-02 
 -2.135260e-02 
 -2.179023e-02 
 -2.217653e-02 
 -2.250998e-02 
 -2.278918e-02 
 -2.301286e-02 
 -2.317990e-02 
 -2.328931e-02 
 -2.334022e-02 
 -2.333196e-02 
 -2.326395e-02 
 -2.313581e-02 
 -2.294728e-02 
 -2.269829e-02 
 -2.238890e-02 
 -2.201935e-02 
 -2.159003e-02 
 -2.110148e-02 
 -2.055443e-02 
 -1.994974e-02 
 -1.928844e-02 
 -1.857173e-02 
 -1.780095e-02 
 -1.697759e-02 
 -1.610331e-02 
 -1.517990e-02 
 -1.420930e-02 
 -1.319359e-02 
 -1.213499e-02 
 -1.103584e-02 
 -9.898614e-03 
 -8.725902e-03 
 -7.520413e-03 
 -6.284960e-03 
 -5.022459e-03 
 -3.735920e-03 
 -2.428442e-03 
 -1.103201e-03 
  2.365520e-04 
  1.587502e-03 
  2.946280e-03 
  4.309467e-03 
  5.673606e-03 
  7.035210e-03 
  8.390769e-03 
  9.736762e-03 
  1.106966e-02 
  1.238596e-02 
  1.368214e-02 
  1.495472e-02 
  1.620027e-02 
  1.741538e-02 
  1.859670e-02 
  1.974093e-02 
  2.084487e-02 
  2.190536e-02 
  2.291936e-02 
  2.388391e-02 
  2.479616e-02 
  2.565338e-02 
  2.645293e-02 
  2.719235e-02 
  2.786927e-02 
  2.848148e-02 
  2.902692e-02 
  2.950370e-02 
  2.991007e-02 
  3.024445e-02 
  3.050545e-02 
  3.069185e-02 
  3.080260e-02 
  3.083686e-02 
  3.079395e-02 
  3.067342e-02 
  3.047498e-02 
  3.019855e-02 
  2.984427e-02 
  2.941245e-02 
  2.890362e-02 
  2.831849e-02 
  2.765800e-02 
  2.692326e-02 
  2.611560e-02 
  2.523653e-02 
  2.428777e-02 
  2.327120e-02 
  2.218893e-02 
  2.104321e-02 
  1.983649e-02 
  1.857139e-02 
  1.725069e-02 
  1.587734e-02 
  1.445444e-02 
  1.298523e-02 
  1.147311e-02 
  9.921586e-03 
  8.334307e-03 
  6.715030e-03 
  5.067621e-03 
  3.396041e-03 
  1.704342e-03 
 -3.348662e-06 
 -1.722835e-03 
 -3.449862e-03 
 -5.180131e-03 
 -6.909303e-03 
 -8.633015e-03 
 -1.034689e-02 
 -1.204655e-02 
 -1.372762e-02 
 -1.538574e-02 
 -1.701659e-02 
 -1.861590e-02 
 -2.017942e-02 
 -2.170300e-02 
 -2.318254e-02 
 -2.461403e-02 
 -2.599357e-02 
 -2.731736e-02 
 -2.858171e-02 
 -2.978306e-02 
 -3.091799e-02 
 -3.198323e-02 
 -3.297567e-02 
 -3.389234e-02 
 -3.473047e-02 
 -3.548746e-02 
 -3.616091e-02 
 -3.674859e-02 
 -3.724851e-02 
 -3.765886e-02 
 -3.797806e-02 
 -3.820475e-02 
 -3.833778e-02 
 -3.837625e-02 
 -3.831948e-02 
 -3.816704e-02 
 -3.791872e-02 
 -3.757456e-02 
 -3.713485e-02 
 -3.660011e-02 
 -3.597111e-02 
 -3.524885e-02 
 -3.443460e-02 
 -3.352983e-02 
 -3.253628e-02 
 -3.145591e-02 
 -3.029090e-02 
 -2.904367e-02 
 -2.771686e-02 
 -2.631332e-02 
 -2.483611e-02 
 -2.328849e-02 
 -2.167394e-02 
 -1.999609e-02 
 -1.825877e-02 
 -1.646599e-02 
 -1.462190e-02 
 -1.273082e-02 
 -1.079721e-02 
 -8.825643e-03 
 -6.820842e-03 
 -4.787620e-03 
 -2.730896e-03 
 -6.556711e-04 
  1.432977e-03 
  3.529910e-03 
  5.629939e-03 
  7.727842e-03 
  9.818371e-03 
  1.189627e-02 
  1.395628e-02 
  1.599317e-02 
  1.800173e-02 
  1.997680e-02 
  2.191326e-02 
  2.380608e-02 
  2.565030e-02 
  2.744106e-02 
  2.917361e-02 
  3.084331e-02 
  3.244567e-02 
  3.397633e-02 
  3.543108e-02 
  3.680592e-02 
  3.809697e-02 
  3.930059e-02 
  4.041330e-02 
  4.143187e-02 
  4.235325e-02 
  4.317464e-02 
  4.389348e-02 
  4.450743e-02 
  4.501442e-02 
  4.541264e-02 
  4.570052e-02 
  4.587679e-02 
  4.594041e-02 
  4.589067e-02 
  4.572709e-02 
  4.544950e-02 
  4.505802e-02 
  4.455303e-02 
  4.393520e-02 
  4.320552e-02 
  4.236522e-02 
  4.141583e-02 
  4.035917e-02 
  3.919733e-02 
  3.793266e-02 
  3.656780e-02 
  3.510563e-02 
  3.354932e-02 
  3.190225e-02 
  3.016808e-02 
  2.835067e-02 
  2.645415e-02 
  2.448282e-02 
  2.244122e-02 
  2.033408e-02 
  1.816631e-02 
  1.594300e-02 
  1.366940e-02 
  1.135091e-02 
  8.993071e-03 
  6.601551e-03 
  4.182123e-03 
  1.740659e-03 
 -7.168876e-04 
 -3.184493e-03 
 -5.656080e-03 
 -8.125536e-03 
 -1.058672e-02 
 -1.303349e-02 
 -1.545971e-02 
 -1.785925e-02 
 -2.022605e-02 
 -2.255407e-02 
 -2.483736e-02 
 -2.707005e-02 
 -2.924637e-02 
 -3.136066e-02 
 -3.340738e-02 
 -3.538115e-02 
 -3.727675e-02 
 -3.908910e-02 
 -4.081334e-02 
 -4.244478e-02 
 -4.397897e-02 
 -4.541164e-02 
 -4.673880e-02 
 -4.795667e-02 
 -4.906174e-02 
 -5.005076e-02 
 -5.092076e-02 
 -5.166904e-02 
 -5.229321e-02 
 -5.279116e-02 
 -5.316110e-02 
 -5.340154e-02 
 -5.351130e-02 
 -5.348954e-02 
 -5.333573e-02 
 -5.304966e-02 
 -5.263146e-02 
 -5.208158e-02 
 -5.140081e-02 
 -5.059025e-02 
 -4.965136e-02 
 -4.858588e-02 
 -4.739591e-02 
 -4.608386e-02 
 -4.465244e-02 
 -4.310468e-02 
 -4.144391e-02 
 -3.967374e-02 
 -3.779810e-02 
 -3.582117e-02 
 -3.374741e-02 
 -3.158153e-02 
 -2.932851e-02 
 -2.699355e-02 
 -2.458207e-02 
 -2.209972e-02 
 -1.955234e-02 
 -1.694595e-02 
 -1.428676e-02 
 -1.158112e-02 
 -8.835526e-03 
 -6.056603e-03 
 -3.251083e-03 
 -4.257933e-04 
  2.412361e-03 
  5.256417e-03 
  8.099365e-03 
  1.093417e-02 
  1.375380e-02 
  1.655121e-02 
  1.931940e-02 
  2.205140e-02 
  2.474031e-02 
  2.737932e-02 
  2.996169e-02 
  3.248082e-02 
  3.493022e-02 
  3.730355e-02 
  3.959465e-02 
  4.179751e-02 
  4.390635e-02 
  4.591557e-02 
  4.781981e-02 
  4.961394e-02 
  5.129310e-02 
  5.285268e-02 
  5.428834e-02 
  5.559605e-02 
  5.677208e-02 
  5.781299e-02 
  5.871569e-02 
  5.947739e-02 
  6.009567e-02 
  6.056844e-02 
  6.089395e-02 
  6.107083e-02 
  6.109807e-02 
  6.097500e-02 
  6.070136e-02 
  6.027723e-02 
  5.970308e-02 
  5.897975e-02 
  5.810844e-02 
  5.709074e-02 
  5.592860e-02 
  5.462434e-02 
  5.318063e-02 
  5.160049e-02 
  4.988732e-02 
  4.804482e-02 
  4.607707e-02 
  4.398844e-02 
  4.178362e-02 
  3.946763e-02 
  3.704575e-02 
  3.452356e-02 
  3.190691e-02 
  2.920191e-02 
  2.641489e-02 
  2.355242e-02 
  2.062130e-02 
  1.762848e-02 
  1.458113e-02 
  1.148656e-02 
  8.352234e-03 
  5.185730e-03 
  1.994743e-03 
 -1.212946e-03 
 -4.429489e-03 
 -7.646983e-03 
 -1.085750e-02 
 -1.405309e-02 
 -1.722582e-02 
 -2.036779e-02 
 -2.347114e-02 
 -2.652807e-02 
 -2.953087e-02 
 -3.247195e-02 
 -3.534384e-02 
 -3.813919e-02 
 -4.085086e-02 
 -4.347184e-02 
 -4.599536e-02 
 -4.841485e-02 
 -5.072396e-02 
 -5.291662e-02 
 -5.498700e-02 
 -5.692957e-02 
 -5.873908e-02 
 -6.041061e-02 
 -6.193955e-02 
 -6.332163e-02 
 -6.455292e-02 
 -6.562987e-02 
 -6.654926e-02 
 -6.730830e-02 
 -6.790454e-02 
 -6.833595e-02 
 -6.860090e-02 
 -6.869814e-02 
 -6.862687e-02 
 -6.838666e-02 
 -6.797754e-02 
 -6.739992e-02 
 -6.665464e-02 
 -6.574297e-02 
 -6.466658e-02 
 -6.342756e-02 
 -6.202840e-02 
 -6.047199e-02 
 -5.876165e-02 
 -5.690106e-02 
 -5.489428e-02 
 -5.274577e-02 
 -5.046034e-02 
 -4.804315e-02 
 -4.549972e-02 
 -4.283587e-02 
 -4.005777e-02 
 -3.717187e-02 
 -3.418492e-02 
 -3.110394e-02 
 -2.793619e-02 
 -2.468920e-02 
 -2.137068e-02 
 -1.798858e-02 
 -1.455100e-02 
 -1.106624e-02 
 -7.542707e-03 
 -3.988958e-03 
 -4.136393e-04 
  3.174518e-03 
  6.766722e-03 
  1.035414e-02 
  1.392793e-02 
  1.747925e-02 
  2.099928e-02 
  2.447925e-02 
  2.791047e-02 
  3.128434e-02 
  3.459235e-02 
  3.782617e-02 
  4.097758e-02 
  4.403856e-02 
  4.700130e-02 
  4.985817e-02 
  5.260182e-02 
  5.522512e-02 
  5.772123e-02 
  6.008361e-02 
  6.230600e-02 
  6.438251e-02 
  6.630754e-02 
  6.807589e-02 
  6.968270e-02 
  7.112351e-02 
  7.239425e-02 
  7.349125e-02 
  7.441127e-02 
  7.515149e-02 
  7.570951e-02 
  7.608340e-02 
  7.627165e-02 
  7.627323e-02 
  7.608754e-02 
  7.571446e-02 
  7.515432e-02 
  7.440792e-02 
  7.347651e-02 
  7.236181e-02 
  7.106600e-02 
  6.959171e-02 
  6.794200e-02 
  6.612040e-02 
  6.413086e-02 
  6.197775e-02 
  5.966587e-02 
  5.720041e-02 
  5.458698e-02 
  5.183155e-02 
  4.894045e-02 
  4.592040e-02 
  4.277841e-02 
  3.952186e-02 
  3.615839e-02 
  3.269596e-02 
  2.914279e-02 
  2.550732e-02 
  2.179827e-02 
  1.802452e-02 
  1.419516e-02 
  1.031944e-02 
  6.406751e-03 
  2.466600e-03 
 -1.491407e-03 
 -5.457590e-03 
 -9.422224e-03 
 -1.337556e-02 
 -1.730784e-02 
 -2.120933e-02 
 -2.507036e-02 
 -2.888131e-02 
 -3.263267e-02 
 -3.631503e-02 
 -3.991915e-02 
 -4.343594e-02 
 -4.685648e-02 
 -5.017211e-02 
 -5.337434e-02 
 -5.645499e-02 
 -5.940613e-02 
 -6.222012e-02 
 -6.488966e-02 
 -6.740775e-02 
 -6.976778e-02 
 -7.196348e-02 
 -7.398898e-02 
 -7.583882e-02 
 -7.750793e-02 
 -7.899171e-02 
 -8.028596e-02 
 -8.138696e-02 
 -8.229146e-02 
 -8.299666e-02 
 -8.350027e-02 
 -8.380048e-02 
 -8.389596e-02 
 -8.378589e-02 
 -8.346997e-02 
 -8.294838e-02 
 -8.222183e-02 
 -8.129152e-02 
 -8.015915e-02 
 -7.882695e-02 
 -7.729761e-02 
 -7.557435e-02 
 -7.366085e-02 
 -7.156128e-02 
 -6.928027e-02 
 -6.682293e-02 
 -6.419479e-02 
 -6.140184e-02 
 -5.845047e-02 
 -5.534751e-02 
 -5.210014e-02 
 -4.871594e-02 
 -4.520286e-02 
 -4.156915e-02 
 -3.782342e-02 
 -3.397456e-02 
 -3.003173e-02 
 -2.600437e-02 
 -2.190213e-02 
 -1.773488e-02 
 -1.351268e-02 
 -9.245754e-03 
 -4.944456e-03 
 -6.192585e-04 
  3.719282e-03 
  8.060544e-03 
  1.239388e-02 
  1.670861e-02 
  2.099410e-02 
  2.523974e-02 
  2.943501e-02 
  3.356945e-02 
  3.763275e-02 
  4.161474e-02 
  4.550542e-02 
  4.929500e-02 
  5.297390e-02 
  5.653277e-02 
  5.996258e-02 
  6.325454e-02 
  6.640021e-02 
  6.939147e-02 
  7.222056e-02 
  7.488011e-02 
  7.736314e-02 
  7.966309e-02 
  8.177381e-02 
  8.368963e-02 
  8.540533e-02 
  8.691616e-02 
  8.821789e-02 
  8.930676e-02 
  9.017954e-02 
  9.083352e-02 
  9.126652e-02 
  9.147691e-02 
  9.146357e-02 
  9.122597e-02 
  9.076409e-02 
  9.007849e-02 
  8.917028e-02 
  8.804110e-02 
  8.669315e-02 
  8.512917e-02 
  8.335245e-02 
  8.136679e-02 
  7.917653e-02 
  7.678653e-02 
  7.420213e-02 
  7.142917e-02 
  6.847399e-02 
  6.534336e-02 
  6.204452e-02 
  5.858515e-02 
  5.497331e-02 
  5.121749e-02 
  4.732653e-02 
  4.330965e-02 
  3.917639e-02 
  3.493659e-02 
  3.060038e-02 
  2.617817e-02 
  2.168060e-02 
  1.711850e-02 
  1.250292e-02 
  7.845049e-03 
  3.156208e-03 
 -1.552172e-03 
 -6.268585e-03 
 -1.098148e-02 
 -1.567927e-02 
 -2.035040e-02 
 -2.498334e-02 
 -2.956663e-02 
 -3.408888e-02 
 -3.853886e-02 
 -4.290547e-02 
 -4.717778e-02 
 -5.134507e-02 
 -5.539686e-02 
 -5.932292e-02 
 -6.311331e-02 
 -6.675840e-02 
 -7.024887e-02 
 -7.357579e-02 
 -7.673059e-02 
 -7.970511e-02 
 -8.249160e-02 
 -8.508278e-02 
 -8.747180e-02 
 -8.965230e-02 
 -9.161845e-02 
 -9.336487e-02 
 -9.488676e-02 
 -9.617984e-02 
 -9.724038e-02 
 -9.806521e-02 
 -9.865174e-02 
 -9.899795e-02 
 -9.910241e-02 
 -9.896429e-02 
 -9.858334e-02 
 -9.795990e-02 
 -9.709493e-02 
 -9.598997e-02 
 -9.464715e-02 
 -9.306919e-02 
 -9.125941e-02 
 -8.922169e-02 
 -8.696048e-02 
 -8.448081e-02 
 -8.178822e-02 
 -7.888882e-02 
 -7.578924e-02 
 -7.249659e-02 
 -6.901850e-02 
 -6.536306e-02 
 -6.153882e-02 
 -5.755476e-02 
 -5.342027e-02 
 -4.914515e-02 
 -4.473953e-02 
 -4.021394e-02 
 -3.557918e-02 
 -3.084636e-02 
 -2.602687e-02 
 -2.113232e-02 
 -1.617453e-02 
 -1.116554e-02 
 -6.117489e-03 
 -1.042678e-03 
  4.046510e-03 
  9.137627e-03 
  1.421819e-02 
  1.927572e-02 
  2.429776e-02 
  2.927190e-02 
  3.418584e-02 
  3.902740e-02 
  4.378452e-02 
  4.844535e-02 
  5.299823e-02 
  5.743176e-02 
  6.173479e-02 
  6.589647e-02 
  6.990626e-02 
  7.375399e-02 
  7.742985e-02 
  8.092444e-02 
  8.422877e-02 
  8.733431e-02 
  9.023299e-02 
  9.291723e-02 
  9.537997e-02 
  9.761466e-02 
  9.961531e-02 
  1.013765e-01 
  1.028933e-01 
  1.041616e-01 
  1.051775e-01 
  1.059381e-01 
  1.064410e-01 
  1.066843e-01 
  1.066668e-01 
  1.063880e-01 
  1.058479e-01 
  1.050475e-01 
  1.039879e-01 
  1.026713e-01 
  1.011003e-01 
  9.927810e-02 
  9.720873e-02 
  9.489667e-02 
  9.234705e-02 
  8.956559e-02 
  8.655861e-02 
  8.333297e-02 
  7.989610e-02 
  7.625596e-02 
  7.242102e-02 
  6.840026e-02 
  6.420313e-02 
  5.983953e-02 
  5.531979e-02 
  5.065465e-02 
  4.585523e-02 
  4.093299e-02 
  3.589974e-02 
  3.076758e-02 
  2.554886e-02 
  2.025620e-02 
  1.490241e-02 
  9.500468e-03 
  4.063526e-03 
 -1.395169e-03 
 -6.862284e-03 
 -1.232443e-02 
 -1.776822e-02 
 -2.318026e-02 
 -2.854722e-02 
 -3.385584e-02 
 -3.909300e-02 
 -4.424569e-02 
 -4.930110e-02 
 -5.424664e-02 
 -5.906996e-02 
 -6.375895e-02 
 -6.830185e-02 
 -7.268721e-02 
 -7.690394e-02 
 -8.094135e-02 
 -8.478917e-02 
 -8.843754e-02 
 -9.187713e-02 
 -9.509903e-02 
 -9.809491e-02 
 -1.008569e-01 
 -1.033779e-01 
 -1.056510e-01 
 -1.076702e-01 
 -1.094300e-01 
 -1.109256e-01 
 -1.121527e-01 
 -1.131078e-01 
 -1.137880e-01 
 -1.141910e-01 
 -1.143152e-01 
 -1.141597e-01 
 -1.137244e-01 
 -1.130098e-01 
 -1.120169e-01 
 -1.107478e-01 
 -1.092047e-01 
 -1.073911e-01 
 -1.053108e-01 
 -1.029683e-01 
 -1.003689e-01 
 -9.751828e-02 
 -9.442301e-02 
 -9.109015e-02 
 -8.752737e-02 
 -8.374294e-02 
 -7.974566e-02 
 -7.554490e-02 
 -7.115053e-02 
 -6.657292e-02 
 -6.182292e-02 
 -5.691180e-02 
 -5.185128e-02 
 -4.665344e-02 
 -4.133074e-02 
 -3.589598e-02 
 -3.036223e-02 
 -2.474286e-02 
 -1.905146e-02 
 -1.330183e-02 
 -7.507945e-03 
 -1.683903e-03 
  4.156082e-03 
  9.997735e-03 
  1.582674e-02 
  2.162880e-02 
  2.738964e-02 
  3.309506e-02 
  3.873097e-02 
  4.428342e-02 
  4.973864e-02 
  5.508306e-02 
  6.030338e-02 
  6.538655e-02 
  7.031985e-02 
  7.509088e-02 
  7.968763e-02 
  8.409850e-02 
  8.831230e-02 
  9.231833e-02 
  9.610634e-02 
  9.966663e-02 
  1.029900e-01 
  1.060679e-01 
  1.088922e-01 
  1.114556e-01 
  1.137512e-01 
  1.157730e-01 
  1.175153e-01 
  1.189734e-01 
  1.201431e-01 
  1.210210e-01 
  1.216045e-01 
  1.218914e-01 
  1.218805e-01 
  1.215712e-01 
  1.209637e-01 
  1.200590e-01 
  1.188586e-01 
  1.173649e-01 
  1.155810e-01 
  1.135107e-01 
  1.111585e-01 
  1.085296e-01 
  1.056300e-01 
  1.024661e-01 
  9.904534e-02 
  9.537548e-02 
  9.146504e-02 
  8.732315e-02 
  8.295950e-02 
  7.838436e-02 
  7.360852e-02 
  6.864329e-02 
  6.350047e-02 
  5.819232e-02 
  5.273152e-02 
  4.713115e-02 
  4.140467e-02 
  3.556585e-02 
  2.962879e-02 
  2.360785e-02 
  1.751760e-02 
  1.137283e-02 
  5.188490e-03 
 -1.020347e-03 
 -7.238520e-03 
 -1.345082e-02 
 -1.964201e-02 
 -2.579690e-02 
 -3.190034e-02 
 -3.793728e-02 
 -4.389281e-02 
 -4.975219e-02 
 -5.550088e-02 
 -6.112460e-02 
 -6.660934e-02 
 -7.194141e-02 
 -7.710745e-02 
 -8.209450e-02 
 -8.689001e-02 
 -9.148188e-02 
 -9.585847e-02 
 -1.000087e-01 
 -1.039219e-01 
 -1.075881e-01 
 -1.109979e-01 
 -1.141423e-01 
 -1.170133e-01 
 -1.196033e-01 
 -1.219054e-01 
 -1.239135e-01 
 -1.256220e-01 
 -1.270262e-01 
 -1.281222e-01 
 -1.289067e-01 
 -1.293772e-01 
 -1.295319e-01 
 -1.293699e-01 
 -1.288910e-01 
 -1.280958e-01 
 -1.269856e-01 
 -1.255626e-01 
 -1.238297e-01 
 -1.217906e-01 
 -1.194497e-01 
 -1.168122e-01 
 -1.138840e-01 
 -1.106717e-01 
 -1.071827e-01 
 -1.034251e-01 
 -9.940744e-02 
 -9.513920e-02 
 -9.063036e-02 
 -8.589151e-02 
 -8.093385e-02 
 -7.576911e-02 
 -7.040957e-02 
 -6.486799e-02 
 -5.915762e-02 
 -5.329214e-02 
 -4.728562e-02 
 -4.115252e-02 
 -3.490763e-02 
 -2.856604e-02 
 -2.214310e-02 
 -1.565439e-02 
 -9.115691e-03 
 -2.542916e-03 
  4.047901e-03 
  1.064065e-02 
  1.721920e-02 
  2.376741e-02 
  3.026920e-02 
  3.670855e-02 
  4.306960e-02 
  4.933663e-02 
  5.549411e-02 
  6.152680e-02 
  6.741968e-02 
  7.315808e-02 
  7.872768e-02 
  8.411453e-02 
  8.930513e-02 
  9.428643e-02 
  9.904584e-02 
  1.035713e-01 
  1.078514e-01 
  1.118751e-01 
  1.156322e-01 
  1.191130e-01 
  1.223085e-01 
  1.252104e-01 
  1.278109e-01 
  1.301034e-01 
  1.320815e-01 
  1.337399e-01 
  1.350739e-01 
  1.360799e-01 
  1.367546e-01 
  1.370959e-01 
  1.371023e-01 
  1.367733e-01 
  1.361091e-01 
  1.351107e-01 
  1.337799e-01 
  1.321196e-01 
  1.301330e-01 
  1.278247e-01 
  1.251995e-01 
  1.222635e-01 
  1.190233e-01 
  1.154862e-01 
  1.116604e-01 
  1.075549e-01 
  1.031791e-01 
  9.854330e-02 
  9.365841e-02 
  8.853596e-02 
  8.318807e-02 
  7.762746e-02 
  7.186738e-02 
  6.592157e-02 
  5.980427e-02 
  5.353018e-02 
  4.711438e-02 
  4.057234e-02 
  3.391985e-02 
  2.717301e-02 
  2.034818e-02 
  1.346193e-02 
  6.531013e-03 
 -4.276749e-04 
 -7.397149e-03 
 -1.436037e-02 
 -2.130027e-02 
 -2.819983e-02 
 -3.504210e-02 
 -4.181022e-02 
 -4.848749e-02 
 -5.505743e-02 
 -6.150377e-02 
 -6.781052e-02 
 -7.396200e-02 
 -7.994290e-02 
 -8.573829e-02 
 -9.133367e-02 
 -9.671500e-02 
 -1.018688e-01 
 -1.067820e-01 
 -1.114421e-01 
 -1.158375e-01 
 -1.199568e-01 
 -1.237896e-01 
 -1.273259e-01 
 -1.305566e-01 
 -1.334733e-01 
 -1.360684e-01 
 -1.383348e-01 
 -1.402667e-01 
 -1.418586e-01 
 -1.431061e-01 
 -1.440056e-01 
 -1.445543e-01 
 -1.447502e-01 
 -1.445924e-01 
 -1.440806e-01 
 -1.432155e-01 
 -1.419986e-01 
 -1.404323e-01 
 -1.385199e-01 
 -1.362655e-01 
 -1.336740e-01 
 -1.307513e-01 
 -1.275039e-01 
 -1.239392e-01 
 -1.200655e-01 
 -1.158918e-01 
 -1.114277e-01 
 -1.066837e-01 
 -1.016710e-01 
 -9.640138e-02 
 -9.088734e-02 
 -8.514198e-02 
 -7.917898e-02 
 -7.301257e-02 
 -6.665753e-02 
 -6.012910e-02 
 -5.344297e-02 
 -4.661526e-02 
 -3.966245e-02 
 -3.260134e-02 
 -2.544905e-02 
 -1.822294e-02 
 -1.094057e-02 
 -3.619676e-03 
  3.721890e-03 
  1.106619e-02 
  1.839526e-02 
  2.569113e-02 
  3.293589e-02 
  4.011173e-02 
  4.720099e-02 
  5.418615e-02 
  6.104998e-02 
  6.777547e-02 
  7.434594e-02 
  8.074506e-02 
  8.695691e-02 
  9.296597e-02 
  9.875721e-02 
  1.043161e-01 
  1.096287e-01 
  1.146816e-01 
  1.194621e-01 
  1.239579e-01 
  1.281576e-01 
  1.320506e-01 
  1.356267e-01 
  1.388767e-01 
  1.417922e-01 
  1.443654e-01 
  1.465896e-01 
  1.484588e-01 
  1.499678e-01 
  1.511123e-01 
  1.518890e-01 
  1.522955e-01 
  1.523300e-01 
  1.519920e-01 
  1.512817e-01 
  1.502003e-01 
  1.487498e-01 
  1.469332e-01 
  1.447543e-01 
  1.422180e-01 
  1.393298e-01 
  1.360963e-01 
  1.325250e-01 
  1.286238e-01 
  1.244020e-01 
  1.198694e-01 
  1.150365e-01 
  1.099147e-01 
  1.045162e-01 
  9.885358e-02 
  9.294042e-02 
  8.679077e-02 
  8.041931e-02 
  7.384130e-02 
  6.707251e-02 
  6.012920e-02 
  5.302811e-02 
  4.578636e-02 
  3.842146e-02 
  3.095123e-02 
  2.339381e-02 
  1.576754e-02 
  8.090987e-03 
  3.828525e-04 
 -7.338049e-03 
 -1.505284e-02 
 -2.274264e-02 
 -3.038859e-02 
 -3.797192e-02 
 -4.547397e-02 
 -5.287626e-02 
 -6.016052e-02 
 -6.730876e-02 
 -7.430327e-02 
 -8.112671e-02 
 -8.776211e-02 
 -9.419296e-02 
 -1.004032e-01 
 -1.063773e-01 
 -1.121003e-01 
 -1.175579e-01 
 -1.227361e-01 
 -1.276221e-01 
 -1.322033e-01 
 -1.364681e-01 
 -1.404055e-01 
 -1.440055e-01 
 -1.472588e-01 
 -1.501568e-01 
 -1.526919e-01 
 -1.548574e-01 
 -1.566475e-01 
 -1.580571e-01 
 -1.590822e-01 
 -1.597199e-01 
 -1.599679e-01 
 -1.598250e-01 
 -1.592910e-01 
 -1.583667e-01 
 -1.570537e-01 
 -1.553546e-01 
 -1.532730e-01 
 -1.508135e-01 
 -1.479815e-01 
 -1.447833e-01 
 -1.412263e-01 
 -1.373187e-01 
 -1.330694e-01 
 -1.284884e-01 
 -1.235863e-01 
 -1.183747e-01 
 -1.128659e-01 
 -1.070730e-01 
 -1.010096e-01 
 -9.469017e-02 
 -8.812989e-02 
 -8.134439e-02 
 -7.434995e-02 
 -6.716337e-02 
 -5.980196e-02 
 -5.228347e-02 
 -4.462606e-02 
 -3.684826e-02 
 -2.896893e-02 
 -2.100719e-02 
 -1.298241e-02 
 -4.914122e-03 
  3.177996e-03 
  1.127418e-02 
  1.935463e-02 
  2.739955e-02 
  3.538921e-02 
  4.330398e-02 
  5.112439e-02 
  5.883116e-02 
  6.640528e-02 
  7.382803e-02 
  8.108101e-02 
  8.814625e-02 
  9.500619e-02 
  1.016437e-01 
  1.080423e-01 
  1.141860e-01 
  1.200593e-01 
  1.256475e-01 
  1.309365e-01 
  1.359130e-01 
  1.405642e-01 
  1.448785e-01 
  1.488446e-01 
  1.524525e-01 
  1.556928e-01 
  1.585570e-01 
  1.610375e-01 
  1.631279e-01 
  1.648223e-01 
  1.661161e-01 
  1.670055e-01 
  1.674878e-01 
  1.675612e-01 
  1.672250e-01 
  1.664794e-01 
  1.653256e-01 
  1.637658e-01 
  1.618034e-01 
  1.594425e-01 
  1.566884e-01 
  1.535472e-01 
  1.500260e-01 
  1.461330e-01 
  1.418771e-01 
  1.372682e-01 
  1.323172e-01 
  1.270356e-01 
  1.214358e-01 
  1.155312e-01 
  1.093357e-01 
  1.028641e-01 
  9.613187e-02 
  8.915505e-02 
  8.195039e-02 
  7.453519e-02 
  6.692729e-02 
  5.914503e-02 
  5.120722e-02 
  4.313303e-02 
  3.494205e-02 
  2.665413e-02 
  1.828943e-02 
  9.868281e-03 
  1.411220e-03 
 -7.061119e-03 
 -1.552803e-02 
 -2.396880e-02 
 -3.236274e-02 
 -4.068925e-02 
 -4.892787e-02 
 -5.705832e-02 
 -6.506057e-02 
 -7.291486e-02 
 -8.060177e-02 
 -8.810227e-02 
 -9.539775e-02 
 -1.024701e-01 
 -1.093017e-01 
 -1.158754e-01 
 -1.221750e-01 
 -1.281845e-01 
 -1.338888e-01 
 -1.392737e-01 
 -1.443255e-01 
 -1.490313e-01 
 -1.533792e-01 
 -1.573580e-01 
 -1.609576e-01 
 -1.641685e-01 
 -1.669824e-01 
 -1.693920e-01 
 -1.713906e-01 
 -1.729729e-01 
 -1.741344e-01 
 -1.748717e-01 
 -1.751824e-01 
 -1.750653e-01 
 -1.745199e-01 
 -1.735470e-01 
 -1.721485e-01 
 -1.703271e-01 
 -1.680868e-01 
 -1.654325e-01 
 -1.623700e-01 
 -1.589063e-01 
 -1.550494e-01 
 -1.508082e-01 
 -1.461924e-01 
 -1.412130e-01 
 -1.358815e-01 
 -1.302105e-01 
 -1.242135e-01 
 -1.179047e-01 
 -1.112990e-01 
 -1.044123e-01 
 -9.726101e-02 
 -8.986224e-02 
 -8.223378e-02 
 -7.439397e-02 
 -6.636170e-02 
 -5.815637e-02 
 -4.979780e-02 
 -4.130625e-02 
 -3.270229e-02 
 -2.400683e-02 
 -1.524101e-02 
 -6.426170e-03 
  2.416188e-03 
  1.126448e-02 
  2.009706e-02 
  2.889231e-02 
  3.762867e-02 
  4.628469e-02 
  5.483910e-02 
  6.327083e-02 
  7.155909e-02 
  7.968344e-02 
  8.762376e-02 
  9.536041e-02 
  1.028742e-01 
  1.101464e-01 
  1.171590e-01 
  1.238944e-01 
  1.303358e-01 
  1.364671e-01 
  1.422729e-01 
  1.477385e-01 
  1.528501e-01 
  1.575947e-01 
  1.619603e-01 
  1.659357e-01 
  1.695106e-01 
  1.726757e-01 
  1.754229e-01 
  1.777448e-01 
  1.796351e-01 
  1.810888e-01 
  1.821016e-01 
  1.826705e-01 
  1.827936e-01 
  1.824699e-01 
  1.816996e-01 
  1.804841e-01 
  1.788258e-01 
  1.767280e-01 
  1.741955e-01 
  1.712337e-01 
  1.678495e-01 
  1.640504e-01 
  1.598454e-01 
  1.552440e-01 
  1.502571e-01 
  1.448964e-01 
  1.391744e-01 
  1.331048e-01 
  1.267018e-01 
  1.199808e-01 
  1.129578e-01 
  1.056494e-01 
  9.807335e-02 
  9.024769e-02 
  8.219128e-02 
  7.392351e-02 
  6.546433e-02 
  5.683419e-02 
  4.805397e-02 
  3.914496e-02 
  3.012876e-02 
  2.102731e-02 
  1.186274e-02 
  2.657390e-03 
 -6.566281e-03 
 -1.578574e-02 
 -2.497843e-02 
 -3.412184e-02 
 -4.319355e-02 
 -5.217127e-02 
 -6.103293e-02 
 -6.975671e-02 
 -7.832109e-02 
 -8.670494e-02 
 -9.488751e-02 
 -1.028485e-01 
 -1.105683e-01 
 -1.180275e-01 
 -1.252077e-01 
 -1.320910e-01 
 -1.386600e-01 
 -1.448985e-01 
 -1.507905e-01 
 -1.563215e-01 
 -1.614772e-01 
 -1.662448e-01 
 -1.706119e-01 
 -1.745675e-01 
 -1.781013e-01 
 -1.812042e-01 
 -1.838680e-01 
 -1.860856e-01 
 -1.878512e-01 
 -1.891597e-01 
 -1.900074e-01 
 -1.903916e-01 
 -1.903109e-01 
 -1.897649e-01 
 -1.887542e-01 
 -1.872808e-01 
 -1.853477e-01 
 -1.829591e-01 
 -1.801202e-01 
 -1.768374e-01 
 -1.731182e-01 
 -1.689711e-01 
 -1.644057e-01 
 -1.594327e-01 
 -1.540638e-01 
 -1.483115e-01 
 -1.421894e-01 
 -1.357121e-01 
 -1.288950e-01 
 -1.217543e-01 
 -1.143070e-01 
 -1.065710e-01 
 -9.856494e-02 
 -9.030792e-02 
 -8.181989e-02 
 -7.312131e-02 
 -6.423318e-02 
 -5.517701e-02 
 -4.597474e-02 
 -3.664869e-02 
 -2.722152e-02 
 -1.771614e-02 
 -8.155711e-03 
  1.436458e-03 
  1.103695e-02 
  2.062230e-02 
  3.016905e-02 
  3.965380e-02 
  4.905329e-02 
  5.834442e-02 
  6.750435e-02 
  7.651050e-02 
  8.534068e-02 
  9.397307e-02 
  1.023863e-01 
  1.105596e-01 
  1.184726e-01 
  1.261057e-01 
  1.334398e-01 
  1.404567e-01 
  1.471388e-01 
  1.534694e-01 
  1.594325e-01 
  1.650132e-01 
  1.701973e-01 
  1.749716e-01 
  1.793240e-01 
  1.832434e-01 
  1.867195e-01 
  1.897435e-01 
  1.923073e-01 
  1.944041e-01 
  1.960282e-01 
  1.971750e-01 
  1.978413e-01 
  1.980247e-01 
  1.977243e-01 
  1.969402e-01 
  1.956737e-01 
  1.939273e-01 
  1.917048e-01 
  1.890110e-01 
  1.858518e-01 
  1.822346e-01 
  1.781675e-01 
  1.736600e-01 
  1.687226e-01 
  1.633668e-01 
  1.576052e-01 
  1.514514e-01 
  1.449200e-01 
  1.380265e-01 
  1.307874e-01 
  1.232199e-01 
  1.153421e-01 
  1.071730e-01 
  9.873205e-02 
  9.003972e-02 
  8.111690e-02 
  7.198515e-02 
  6.266654e-02 
  5.318364e-02 
  4.355944e-02 
  3.381730e-02 
  2.398090e-02 
  1.407419e-02 
  4.121302e-03 
 -5.853482e-03 
 -1.582580e-02 
 -2.577125e-02 
 -3.566551e-02 
 -4.548430e-02 
 -5.520354e-02 
 -6.479934e-02 
 -7.424809e-02 
 -8.352651e-02 
 -9.261172e-02 
 -1.014813e-01 
 -1.101132e-01 
 -1.184862e-01 
 -1.265794e-01 
 -1.343727e-01 
 -1.418468e-01 
 -1.489829e-01 
 -1.557632e-01 
 -1.621707e-01 
 -1.681894e-01 
 -1.738040e-01 
 -1.790003e-01 
 -1.837652e-01 
 -1.880865e-01 
 -1.919530e-01 
 -1.953549e-01 
 -1.982833e-01 
 -2.007303e-01 
 -2.026896e-01 
 -2.041557e-01 
 -2.051245e-01 
 -2.055931e-01 
 -2.055596e-01 
 -2.050236e-01 
 -2.039858e-01 
 -2.024483e-01 
 -2.004140e-01 
 -1.978876e-01 
 -1.948745e-01 
 -1.913815e-01 
 -1.874167e-01 
 -1.829892e-01 
 -1.781092e-01 
 -1.727883e-01 
 -1.670388e-01 
 -1.608744e-01 
 -1.543096e-01 
 -1.473601e-01 
 -1.400423e-01 
 -1.323738e-01 
 -1.243728e-01 
 -1.160587e-01 
 -1.074513e-01 
 -9.857127e-02 
 -8.944013e-02 
 -8.007986e-02 
 -7.051310e-02 
 -6.076299e-02 
 -5.085316e-02 
 -4.080766e-02 
 -3.065089e-02 
 -2.040756e-02 
 -1.010262e-02 
  2.388180e-04 
  1.059150e-02 
  2.093014e-02 
  3.122943e-02 
  4.146415e-02 
  5.160920e-02 
  6.163968e-02 
  7.153094e-02 
  8.125862e-02 
  9.079877e-02 
  1.001278e-01 
  1.092228e-01 
  1.180611e-01 
  1.266209e-01 
  1.348809e-01 
  1.428206e-01 
  1.504202e-01 
  1.576608e-01 
  1.645242e-01 
  1.709932e-01 
  1.770516e-01 
  1.826841e-01 
  1.878765e-01 
  1.926155e-01 
  1.968890e-01 
  2.006862e-01 
  2.039971e-01 
  2.068131e-01 
  2.091267e-01 
  2.109319e-01 
  2.122235e-01 
  2.129978e-01 
  2.132524e-01 
  2.129860e-01 
  2.121987e-01 
  2.108919e-01 
  2.090682e-01 
  2.067314e-01 
  2.038867e-01 
  2.005405e-01 
  1.967004e-01 
  1.923751e-01 
  1.875749e-01 
  1.823108e-01 
  1.765952e-01 
  1.704417e-01 
  1.638646e-01 
  1.568797e-01 
  1.495036e-01 
  1.417539e-01 
  1.336490e-01 
  1.252085e-01 
  1.164526e-01 
  1.074023e-01 
  9.807942e-02 
  8.850649e-02 
  7.870662e-02 
  6.870350e-02 
  5.852138e-02 
  4.818495e-02 
  3.771931e-02 
  2.714989e-02 
  1.650243e-02 
  5.802873e-03 
 -4.922687e-03 
 -1.564805e-02 
 -2.634700e-02 
 -3.699336e-02 
 -4.756102e-02 
 -5.802408e-02 
 -6.835684e-02 
 -7.853389e-02 
 -8.853018e-02 
 -9.832108e-02 
 -1.078824e-01 
 -1.171906e-01 
 -1.262225e-01 
 -1.349559e-01 
 -1.433689e-01 
 -1.514408e-01 
 -1.591513e-01 
 -1.664813e-01 
 -1.734125e-01 
 -1.799273e-01 
 -1.860095e-01 
 -1.916438e-01 
 -1.968157e-01 
 -2.015123e-01 
 -2.057215e-01 
 -2.094324e-01 
 -2.126355e-01 
 -2.153224e-01 
 -2.174860e-01 
 -2.191203e-01 
 -2.202209e-01 
 -2.207844e-01 
 -2.208089e-01 
 -2.202938e-01 
 -2.192397e-01 
 -2.176486e-01 
 -2.155238e-01 
 -2.128700e-01 
 -2.096930e-01 
 -2.060001e-01 
 -2.017997e-01 
 -1.971016e-01 
 -1.919167e-01 
 -1.862571e-01 
 -1.801362e-01 
 -1.735684e-01 
 -1.665694e-01 
 -1.591557e-01 
 -1.513450e-01 
 -1.431560e-01 
 -1.346084e-01 
 -1.257226e-01 
 -1.165199e-01 
 -1.070227e-01 
 -9.725363e-02 
 -8.723643e-02 
 -7.699529e-02 
 -6.655501e-02 
 -5.594089e-02 
 -4.517869e-02 
 -3.429457e-02 
 -2.331501e-02 
 -1.226674e-02 
 -1.176695e-03 
  9.928054e-03 
  2.102038e-02 
  3.207315e-02 
  4.305930e-02 
  5.395191e-02 
  6.472424e-02 
  7.534985e-02 
  8.580259e-02 
  9.605673e-02 
  1.060870e-01 
  1.158686e-01 
  1.253774e-01 
  1.345899e-01 
  1.434832e-01 
  1.520352e-01 
  1.602247e-01 
  1.680313e-01 
  1.754355e-01 
  1.824187e-01 
  1.889635e-01 
  1.950533e-01 
  2.006729e-01 
  2.058079e-01 
  2.104454e-01 
  2.145734e-01 
  2.181814e-01 
  2.212599e-01 
  2.238009e-01 
  2.257976e-01 
  2.272446e-01 
  2.281377e-01 
  2.284741e-01 
  2.282526e-01 
  2.274729e-01 
  2.261366e-01 
  2.242461e-01 
  2.218056e-01 
  2.188205e-01 
  2.152975e-01 
  2.112446e-01 
  2.066712e-01 
  2.015879e-01 
  1.960067e-01 
  1.899406e-01 
  1.834040e-01 
  1.764123e-01 
  1.689822e-01 
  1.611314e-01 
  1.528787e-01 
  1.442437e-01 
  1.352473e-01 
  1.259109e-01 
  1.162572e-01 
  1.063093e-01 
  9.609129e-02 
  8.562784e-02 
  7.494430e-02 
  6.406653e-02 
  5.302094e-02 
  4.183434e-02 
  3.053394e-02 
  1.914725e-02 
  7.701998e-03 
 -3.773885e-03 
 -1.525238e-02 
 -2.670544e-02 
 -3.810503e-02 
 -4.942324e-02 
 -6.063231e-02 
 -7.170473e-02 
 -8.261330e-02 
 -9.333119e-02 
 -1.038320e-01 
 -1.140898e-01 
 -1.240793e-01 
 -1.337759e-01 
 -1.431554e-01 
 -1.521947e-01 
 -1.608713e-01 
 -1.691637e-01 
 -1.770511e-01 
 -1.845139e-01 
 -1.915333e-01 
 -1.980919e-01 
 -2.041731e-01 
 -2.097614e-01 
 -2.148429e-01 
 -2.194044e-01 
 -2.234345e-01 
 -2.269226e-01 
 -2.298596e-01 
 -2.322379e-01 
 -2.340511e-01 
 -2.352941e-01 
 -2.359634e-01 
 -2.360566e-01 
 -2.355731e-01 
 -2.345134e-01 
 -2.328795e-01 
 -2.306748e-01 
 -2.279041e-01 
 -2.245737e-01 
 -2.206911e-01 
 -2.162652e-01 
 -2.113063e-01 
 -2.058261e-01 
 -1.998372e-01 
 -1.933540e-01 
 -1.863917e-01 
 -1.789669e-01 
 -1.710972e-01 
 -1.628014e-01 
 -1.540995e-01 
 -1.450122e-01 
 -1.355614e-01 
 -1.257698e-01 
 -1.156610e-01 
 -1.052593e-01 
 -9.459006e-02 
 -8.367892e-02 
 -7.255233e-02 
 -6.123730e-02 
 -4.976128e-02 
 -3.815216e-02 
 -2.643819e-02 
 -1.464790e-02 
 -2.810022e-03 
  9.046547e-03 
  2.089285e-02 
  3.269991e-02 
  4.443884e-02 
  5.608088e-02 
  6.759747e-02 
  7.896033e-02 
  9.014154e-02 
  1.011136e-01 
  1.118495e-01 
  1.223227e-01 
  1.325073e-01 
  1.423783e-01 
  1.519111e-01 
  1.610822e-01 
  1.698687e-01 
  1.782487e-01 
  1.862015e-01 
  1.937071e-01 
  2.007468e-01 
  2.073028e-01 
  2.133587e-01 
  2.188992e-01 
  2.239103e-01 
  2.283791e-01 
  2.322942e-01 
  2.356455e-01 
  2.384242e-01 
  2.406230e-01 
  2.422360e-01 
  2.432586e-01 
  2.436877e-01 
  2.435217e-01 
  2.427605e-01 
  2.414052e-01 
  2.394587e-01 
  2.369251e-01 
  2.338101e-01 
  2.301206e-01 
  2.258651e-01 
  2.210535e-01 
  2.156970e-01 
  2.098082e-01 
  2.034009e-01 
  1.964902e-01 
  1.890926e-01 
  1.812257e-01 
  1.729083e-01 
  1.641602e-01 
  1.550024e-01 
  1.454569e-01 
  1.355467e-01 
  1.252955e-01 
  1.147282e-01 
  1.038703e-01 
  9.274792e-02 
  8.138812e-02 
  6.981839e-02 
  5.806681e-02 
  4.616193e-02 
  3.413270e-02 
  2.200839e-02 
  9.818550e-03 
 -2.407089e-03 
 -1.463868e-02 
 -2.684634e-02 
 -3.900020e-02 
 -5.107050e-02 
 -6.302766e-02 
 -7.484235e-02 
 -8.648556e-02 
 -9.792865e-02 
 -1.091435e-01 
 -1.201024e-01 
 -1.307784e-01 
 -1.411450e-01 
 -1.511768e-01 
 -1.608487e-01 
 -1.701369e-01 
 -1.790183e-01 
 -1.874707e-01 
 -1.954732e-01 
 -2.030056e-01 
 -2.100492e-01 
 -2.165862e-01 
 -2.226002e-01 
 -2.280761e-01 
 -2.329998e-01 
 -2.373589e-01 
 -2.411421e-01 
 -2.443396e-01 
 -2.469432e-01 
 -2.489457e-01 
 -2.503419e-01 
 -2.511276e-01 
 -2.513004e-01 
 -2.508592e-01 
 -2.498046e-01 
 -2.481386e-01 
 -2.458647e-01 
 -2.429877e-01 
 -2.395142e-01 
 -2.354522e-01 
 -2.308109e-01 
 -2.256012e-01 
 -2.198353e-01 
 -2.135267e-01 
 -2.066903e-01 
 -1.993424e-01 
 -1.915003e-01 
 -1.831829e-01 
 -1.744100e-01 
 -1.652026e-01 
 -1.555828e-01 
 -1.455737e-01 
 -1.351994e-01 
 -1.244850e-01 
 -1.134562e-01 
 -1.021398e-01 
 -9.056310e-02 
 -7.875421e-02 
 -6.674174e-02 
 -5.455488e-02 
 -4.222323e-02 
 -2.977680e-02 
 -1.724590e-02 
 -4.661083e-03 
  7.946946e-03 
  2.054740e-02 
  3.310946e-02 
  4.560241e-02 
  5.799563e-02 
  7.025875e-02 
  8.236167e-02 
  9.427467e-02 
  1.059684e-01 
  1.174142e-01 
  1.285838e-01 
  1.394496e-01 
  1.499847e-01 
  1.601633e-01 
  1.699599e-01 
  1.793504e-01 
  1.883113e-01 
  1.968205e-01 
  2.048566e-01 
  2.123996e-01 
  2.194307e-01 
  2.259320e-01 
  2.318874e-01 
  2.372816e-01 
  2.421010e-01 
  2.463333e-01 
  2.499676e-01 
  2.529945e-01 
  2.554059e-01 
  2.571955e-01 
  2.583582e-01 
  2.588907e-01 
  2.587911e-01 
  2.580590e-01 
  2.566957e-01 
  2.547038e-01 
  2.520877e-01 
  2.488532e-01 
  2.450076e-01 
  2.405598e-01 
  2.355200e-01 
  2.299001e-01 
  2.237133e-01 
  2.169741e-01 
  2.096985e-01 
  2.019038e-01 
  1.936085e-01 
  1.848326e-01 
  1.755969e-01 
  1.659237e-01 
  1.558361e-01 
  1.453585e-01 
  1.345161e-01 
  1.233350e-01 
  1.118424e-01 
  1.000659e-01 
  8.803414e-02 
  7.577624e-02 
  6.332197e-02 
  5.070158e-02 
  3.794578e-02 
  2.508560e-02 
  1.215238e-02 
 -8.223332e-04 
 -1.380687e-02 
 -2.676951e-02 
 -3.967854e-02 
 -5.250238e-02 
 -6.520960e-02 
 -7.776904e-02 
 -9.014988e-02 
 -1.023217e-01 
 -1.142545e-01 
 -1.259190e-01 
 -1.372864e-01 
 -1.483287e-01 
 -1.590185e-01 
 -1.693295e-01 
 -1.792360e-01 
 -1.887135e-01 
 -1.977385e-01 
 -2.062885e-01 
 -2.143422e-01 
 -2.218794e-01 
 -2.288812e-01 
 -2.353301e-01 
 -2.412098e-01 
 -2.465054e-01 
 -2.512034e-01 
 -2.552919e-01 
 -2.587602e-01 
 -2.615994e-01 
 -2.638019e-01 
 -2.653618e-01 
 -2.662747e-01 
 -2.665377e-01 
 -2.661497e-01 
 -2.651111e-01 
 -2.634237e-01 
 -2.610911e-01 
 -2.581184e-01 
 -2.545124e-01 
 -2.502812e-01 
 -2.454347e-01 
 -2.399841e-01 
 -2.339423e-01 
 -2.273234e-01 
 -2.201431e-01 
 -2.124185e-01 
 -2.041680e-01 
 -1.954112e-01 
 -1.861690e-01 
 -1.764638e-01 
 -1.663187e-01 
 -1.557582e-01 
 -1.448076e-01 
 -1.334935e-01 
 -1.218431e-01 
 -1.098846e-01 
 -9.764696e-02 
 -8.515985e-02 
 -7.245355e-02 
 -5.955893e-02 
 -4.650732e-02 
 -3.333049e-02 
 -2.006053e-02 
 -6.729776e-03 
  6.629240e-03 
  1.998390e-02 
  3.330155e-02 
  4.654963e-02 
  5.969569e-02 
  7.270751e-02 
  8.555318e-02 
  9.820116e-02 
  1.106204e-01 
  1.227802e-01 
  1.346508e-01 
  1.462029e-01 
  1.574079e-01 
  1.682382e-01 
  1.786669e-01 
  1.886683e-01 
  1.982174e-01 
  2.072907e-01 
  2.158654e-01 
  2.239202e-01 
  2.314349e-01 
  2.383907e-01 
  2.447702e-01 
  2.505572e-01 
  2.557370e-01 
  2.602965e-01 
  2.642240e-01 
  2.675093e-01 
  2.701438e-01 
  2.721206e-01 
  2.734342e-01 
  2.740808e-01 
  2.740583e-01 
  2.733662e-01 
  2.720055e-01 
  2.699789e-01 
  2.672910e-01 
  2.639476e-01 
  2.599563e-01 
  2.553264e-01 
  2.500685e-01 
  2.441951e-01 
  2.377199e-01 
  2.306582e-01 
  2.230268e-01 
  2.148438e-01 
  2.061288e-01 
  1.969025e-01 
  1.871871e-01 
  1.770058e-01 
  1.663833e-01 
  1.553450e-01 
  1.439176e-01 
  1.321286e-01 
  1.200066e-01 
  1.075809e-01 
  9.488151e-02 
  8.193934e-02 
  6.878578e-02 
  5.545278e-02 
  4.197278e-02 
  2.837858e-02 
  1.470331e-02 
  9.803269e-04 
 -1.275689e-02 
 -2.647477e-02 
 -4.013978e-02 
 -5.371848e-02 
 -6.717761e-02 
 -8.048418e-02 
 -9.360554e-02 
 -1.065095e-01 
 -1.191642e-01 
 -1.315387e-01 
 -1.436024e-01 
 -1.553256e-01 
 -1.666793e-01 
 -1.776354e-01 
 -1.881670e-01 
 -1.982478e-01 
 -2.078528e-01 
 -2.169582e-01 
 -2.255413e-01 
 -2.335806e-01 
 -2.410561e-01 
 -2.479490e-01 
 -2.542419e-01 
 -2.599191e-01 
 -2.649659e-01 
 -2.693697e-01 
 -2.731191e-01 
 -2.762043e-01 
 -2.786173e-01 
 -2.803516e-01 
 -2.814023e-01 
 -2.817664e-01 
 -2.814424e-01 
 -2.804304e-01 
 -2.787323e-01 
 -2.763518e-01 
 -2.732940e-01 
 -2.695659e-01 
 -2.651760e-01 
 -2.601344e-01 
 -2.544530e-01 
 -2.481450e-01 
 -2.412254e-01 
 -2.337105e-01 
 -2.256183e-01 
 -2.169679e-01 
 -2.077801e-01 
 -1.980769e-01 
 -1.878815e-01 
 -1.772184e-01 
 -1.661133e-01 
 -1.545930e-01 
 -1.426853e-01 
 -1.304189e-01 
 -1.178235e-01 
 -1.049296e-01 
 -9.176845e-02 
 -7.837203e-02 
 -6.477285e-02 
 -5.100399e-02 
 -3.709893e-02 
 -2.309154e-02 
 -9.015973e-03 
  5.093437e-03 
  1.920224e-02 
  3.327596e-02 
  4.728017e-02 
  6.118059e-02 
  7.494318e-02 
  8.853418e-02 
  1.019202e-01 
  1.150685e-01 
  1.279465e-01 
  1.405228e-01 
  1.527662e-01 
  1.646465e-01 
  1.761345e-01 
  1.872017e-01 
  1.978208e-01 
  2.079654e-01 
  2.176103e-01 
  2.267316e-01 
  2.353065e-01 
  2.433136e-01 
  2.507329e-01 
  2.575457e-01 
  2.637349e-01 
  2.692849e-01 
  2.741816e-01 
  2.784124e-01 
  2.819665e-01 
  2.848346e-01 
  2.870091e-01 
  2.884843e-01 
  2.892557e-01 
  2.893211e-01 
  2.886797e-01 
  2.873323e-01 
  2.852819e-01 
  2.825327e-01 
  2.790909e-01 
  2.749644e-01 
  2.701627e-01 
  2.646969e-01 
  2.585799e-01 
  2.518261e-01 
  2.444514e-01 
  2.364733e-01 
  2.279109e-01 
  2.187847e-01 
  2.091163e-01 
  1.989291e-01 
  1.882475e-01 
  1.770971e-01 
  1.655049e-01 
  1.534988e-01 
  1.411078e-01 
  1.283618e-01 
  1.152918e-01 
  1.019294e-01 
  8.830694e-02 
  7.445760e-02 
  6.041499e-02 
  4.621328e-02 
  3.188704e-02 
  1.747116e-02 
  3.000812e-03 
 -1.148870e-02 
 -2.596197e-02 
 -4.038364e-02 
 -5.471841e-02 
 -6.893119e-02 
 -8.298715e-02 
 -9.685181e-02 
 -1.104911e-01 
 -1.238716e-01 
 -1.369603e-01 
 -1.497251e-01 
 -1.621344e-01 
 -1.741577e-01 
 -1.857653e-01 
 -1.969284e-01 
 -2.076194e-01 
 -2.178119e-01 
 -2.274804e-01 
 -2.366011e-01 
 -2.451510e-01 
 -2.531089e-01 
 -2.604549e-01 
 -2.671704e-01 
 -2.732387e-01 
 -2.786442e-01 
 -2.833733e-01 
 -2.874140e-01 
 -2.907556e-01 
 -2.933896e-01 
 -2.953089e-01 
 -2.965082e-01 
 -2.969841e-01 
 -2.967347e-01 
 -2.957602e-01 
 -2.940622e-01 
 -2.916445e-01 
 -2.885122e-01 
 -2.846725e-01 
 -2.801342e-01 
 -2.749078e-01 
 -2.690056e-01 
 -2.624414e-01 
 -2.552307e-01 
 -2.473906e-01 
 -2.389398e-01 
 -2.298984e-01 
 -2.202881e-01 
 -2.101318e-01 
 -1.994541e-01 
 -1.882804e-01 
 -1.766378e-01 
 -1.645543e-01 
 -1.520591e-01 
 -1.391824e-01 
 -1.259554e-01 
 -1.124100e-01 
 -9.857919e-02 
 -8.449646e-02 
 -7.019605e-02 
 -5.571272e-02 
 -4.108172e-02 
 -2.633867e-02 
 -1.151953e-02 
  3.339570e-03 
  1.820235e-02 
  3.303248e-02 
  4.779372e-02 
  6.244993e-02 
  7.696522e-02 
  9.130401e-02 
  1.054311e-01 
  1.193119e-01 
  1.329121e-01 
  1.461984e-01 
  1.591381e-01 
  1.716993e-01 
  1.838509e-01 
  1.955629e-01 
  2.068064e-01 
  2.175536e-01 
  2.277777e-01 
  2.374535e-01 
  2.465567e-01 
  2.550648e-01 
  2.629564e-01 
  2.702118e-01 
  2.768127e-01 
  2.827426e-01 
  2.879863e-01 
  2.925306e-01 
  2.963637e-01 
  2.994759e-01 
  3.018587e-01 
  3.035060e-01 
  3.044131e-01 
  3.045771e-01 
  3.039971e-01 
  3.026740e-01 
  3.006103e-01 
  2.978106e-01 
  2.942810e-01 
  2.900297e-01 
  2.850665e-01 
  2.794030e-01 
  2.730523e-01 
  2.660296e-01 
  2.583514e-01 
  2.500360e-01 
  2.411033e-01 
  2.315745e-01 
  2.214724e-01 
  2.108214e-01 
  1.996469e-01 
  1.879760e-01 
  1.758367e-01 
  1.632583e-01 
  1.502713e-01 
  1.369070e-01 
  1.231977e-01 
  1.091768e-01 
  9.487826e-02 
  8.033676e-02 
  6.558766e-02 
  5.066684e-02 
  3.561063e-02 
  2.045570e-02 
  5.239021e-03 
 -1.000228e-02 
 -2.523099e-02 
 -4.040988e-02 
 -5.550182e-02 
 -7.046987e-02 
 -8.527736e-02 
 -9.988799e-02 
 -1.142659e-01 
 -1.283758e-01 
 -1.421829e-01 
 -1.556534e-01 
 -1.687541e-01 
 -1.814525e-01 
 -1.937175e-01 
 -2.055187e-01 
 -2.168268e-01 
 -2.276140e-01 
 -2.378534e-01 
 -2.475196e-01 
 -2.565886e-01 
 -2.650376e-01 
 -2.728457e-01 
 -2.799931e-01 
 -2.864621e-01 
 -2.922361e-01 
 -2.973006e-01 
 -3.016426e-01 
 -3.052511e-01 
 -3.081166e-01 
 -3.102314e-01 
 -3.115900e-01 
 -3.121884e-01 
 -3.120245e-01 
 -3.110982e-01 
 -3.094111e-01 
 -3.069668e-01 
 -3.037707e-01 
 -2.998300e-01 
 -2.951537e-01 
 -2.897528e-01 
 -2.836398e-01 
 -2.768292e-01 
 -2.693371e-01 
 -2.611812e-01 
 -2.523810e-01 
 -2.429575e-01 
 -2.329332e-01 
 -2.223322e-01 
 -2.111799e-01 
 -1.995032e-01 
 -1.873302e-01 
 -1.746902e-01 
 -1.616138e-01 
 -1.481326e-01 
 -1.342793e-01 
 -1.200873e-01 
 -1.055912e-01 
 -9.082611e-02 
 -7.582788e-02 
 -6.063301e-02 
 -4.527846e-02 
 -2.980164e-02 
 -1.424027e-02 
  1.367693e-03 
  1.698415e-02 
  3.257095e-02 
  4.808999e-02 
  6.350329e-02 
  7.877311e-02 
  9.386204e-02 
  1.087331e-01 
  1.233497e-01 
  1.376760e-01 
  1.516768e-01 
  1.653176e-01 
  1.785649e-01 
  1.913859e-01 
  2.037489e-01 
  2.156236e-01 
  2.269804e-01 
  2.377912e-01 
  2.480292e-01 
  2.576690e-01 
  2.666865e-01 
  2.750593e-01 
  2.827664e-01 
  2.897885e-01 
  2.961078e-01 
  3.017085e-01 
  3.065763e-01 
  3.106988e-01 
  3.140653e-01 
  3.166671e-01 
  3.184972e-01 
  3.195505e-01 
  3.198239e-01 
  3.193162e-01 
  3.180280e-01 
  3.159619e-01 
  3.131223e-01 
  3.095156e-01 
  3.051500e-01 
  3.000357e-01 
  2.941845e-01 
  2.876103e-01 
  2.803285e-01 
  2.723564e-01 
  2.637130e-01 
  2.544189e-01 
  2.444963e-01 
  2.339690e-01 
  2.228622e-01 
  2.112027e-01 
  1.990185e-01 
  1.863391e-01 
  1.731950e-01 
  1.596179e-01 
  1.456409e-01 
  1.312976e-01 
  1.166230e-01 
  1.016525e-01 
  8.642256e-02 
  7.097019e-02 
  5.533298e-02 
  3.954900e-02 
  2.365670e-02 
  7.694831e-03 
 -8.297655e-03 
 -2.428171e-02 
 -4.021827e-02 
 -5.606836e-02 
 -7.179320e-02 
 -8.735426e-02 
 -1.027134e-01 
 -1.178330e-01 
 -1.326758e-01 
 -1.472055e-01 
 -1.613863e-01 
 -1.751832e-01 
 -1.885624e-01 
 -2.014907e-01 
 -2.139364e-01 
 -2.258685e-01 
 -2.372576e-01 
 -2.480755e-01 
 -2.582952e-01 
 -2.678915e-01 
 -2.768403e-01 
 -2.851194e-01 
 -2.927080e-01 
 -2.995871e-01 
 -3.057394e-01 
 -3.111492e-01 
 -3.158029e-01 
 -3.196884e-01 
 -3.227958e-01 
 -3.251169e-01 
 -3.266454e-01 
 -3.273770e-01 
 -3.273094e-01 
 -3.264421e-01 
 -3.247766e-01 
 -3.223165e-01 
 -3.190672e-01 
 -3.150360e-01 
 -3.102323e-01 
 -3.046671e-01 
 -2.983535e-01 
 -2.913065e-01 
 -2.835427e-01 
 -2.750805e-01 
 -2.659401e-01 
 -2.561434e-01 
 -2.457137e-01 
 -2.346762e-01 
 -2.230574e-01 
 -2.108852e-01 
 -1.981889e-01 
 -1.849992e-01 
 -1.713480e-01 
 -1.572682e-01 
 -1.427941e-01 
 -1.279606e-01 
 -1.128037e-01 
 -9.736022e-02 
 -8.166772e-02 
 -6.576432e-02 
 -4.968875e-02 
 -3.348014e-02 
 -1.717801e-02 
 -8.221168e-04 
  1.554762e-02 
  3.189121e-02 
  4.816870e-02 
  6.434028e-02 
  8.036636e-02 
  9.620767e-02 
  1.118254e-01 
  1.271812e-01 
  1.422373e-01 
  1.569569e-01 
  1.713036e-01 
  1.852421e-01 
  1.987382e-01 
  2.117584e-01 
  2.242707e-01 
  2.362441e-01 
  2.476490e-01 
  2.584571e-01 
  2.686415e-01 
  2.781770e-01 
  2.870397e-01 
  2.952075e-01 
  3.026601e-01 
  3.093785e-01 
  3.153460e-01 
  3.205474e-01 
  3.249695e-01 
  3.286008e-01 
  3.314319e-01 
  3.334554e-01 
  3.346657e-01 
  3.350593e-01 
  3.346346e-01 
  3.333921e-01 
  3.313343e-01 
  3.284655e-01 
  3.247923e-01 
  3.203230e-01 
  3.150679e-01 
  3.090395e-01 
  3.022517e-01 
  2.947207e-01 
  2.864643e-01 
  2.775023e-01 
  2.678559e-01 
  2.575483e-01 
  2.466042e-01 
  2.350499e-01 
  2.229131e-01 
  2.102231e-01 
  1.970105e-01 
  1.833073e-01 
  1.691465e-01 
  1.545625e-01 
  1.395905e-01 
  1.242669e-01 
  1.086288e-01 
  9.271429e-02 
  7.656200e-02 
  6.021122e-02 
  4.370178e-02 
  2.707389e-02 
  1.036810e-02 
 -6.374843e-03 
 -2.311405e-02 
 -3.980861e-02 
 -5.641772e-02 
 -7.290074e-02 
 -8.921730e-02 
 -1.053274e-01 
 -1.211916e-01 
 -1.367709e-01 
 -1.520271e-01 
 -1.669226e-01 
 -1.814208e-01 
 -1.954860e-01 
 -2.090836e-01 
 -2.221800e-01 
 -2.347428e-01 
 -2.467410e-01 
 -2.581448e-01 
 -2.689260e-01 
 -2.790579e-01 
 -2.885151e-01 
 -2.972741e-01 
 -3.053131e-01 
 -3.126118e-01 
 -3.191520e-01 
 -3.249170e-01 
 -3.298924e-01 
 -3.340653e-01 
 -3.374251e-01 
 -3.399629e-01 
 -3.416720e-01 
 -3.425476e-01 
 -3.425870e-01 
 -3.417895e-01 
 -3.401564e-01 
 -3.376913e-01 
 -3.343994e-01 
 -3.302884e-01 
 -3.253676e-01 
 -3.196485e-01 
 -3.131446e-01 
 -3.058711e-01 
 -2.978453e-01 
 -2.890864e-01 
 -2.796151e-01 
 -2.694541e-01 
 -2.586279e-01 
 -2.471622e-01 
 -2.350848e-01 
 -2.224248e-01 
 -2.092125e-01 
 -1.954800e-01 
 -1.812604e-01 
 -1.665881e-01 
 -1.514987e-01 
 -1.360287e-01 
 -1.202157e-01 
 -1.040980e-01 
 -8.771488e-02 
 -7.110611e-02 
 -5.431213e-02 
 -3.737384e-02 
 -2.033253e-02 
 -3.229760e-03 
  1.389273e-02 
  3.099312e-02 
  4.802961e-02 
  6.496054e-02 
  8.174448e-02 
  9.834030e-02 
  1.147073e-01 
  1.308055e-01 
  1.465951e-01 
  1.620376e-01 
  1.770948e-01 
  1.917298e-01 
  2.059065e-01 
  2.195899e-01 
  2.327464e-01 
  2.453433e-01 
  2.573495e-01 
  2.687353e-01 
  2.794724e-01 
  2.895341e-01 
  2.988955e-01 
  3.075332e-01 
  3.154254e-01 
  3.225526e-01 
  3.288967e-01 
  3.344416e-01 
  3.391734e-01 
  3.430798e-01 
  3.461508e-01 
  3.483783e-01 
  3.497563e-01 
  3.502808e-01 
  3.499499e-01 
  3.487639e-01 
  3.467252e-01 
  3.438380e-01 
  3.401089e-01 
  3.355464e-01 
  3.301611e-01 
  3.239655e-01 
  3.169743e-01 
  3.092040e-01 
  3.006731e-01 
  2.914018e-01 
  2.814124e-01 
  2.707287e-01 
  2.593764e-01 
  2.473827e-01 
  2.347765e-01 
  2.215882e-01 
  2.078497e-01 
  1.935940e-01 
  1.788558e-01 
  1.636706e-01 
  1.480752e-01 
  1.321076e-01 
  1.158064e-01 
  9.921122e-02 
  8.236245e-02 
  6.530105e-02 
  4.806857e-02 
  3.070699e-02 
  1.325865e-02 
 -4.233898e-03 
 -2.172794e-02 
 -3.918073e-02 
 -5.654961e-02 
 -7.379209e-02 
 -9.086595e-02 
 -1.077294e-01 
 -1.243410e-01 
 -1.406601e-01 
 -1.566466e-01 
 -1.722613e-01 
 -1.874656e-01 
 -2.022222e-01 
 -2.164948e-01 
 -2.302481e-01 
 -2.434482e-01 
 -2.560625e-01 
 -2.680598e-01 
 -2.794103e-01 
 -2.900859e-01 
 -3.000600e-01 
 -3.093078e-01 
 -3.178062e-01 
 -3.255339e-01 
 -3.324717e-01 
 -3.386019e-01 
 -3.439090e-01 
 -3.483796e-01 
 -3.520021e-01 
 -3.547672e-01 
 -3.566675e-01 
 -3.576978e-01 
 -3.578549e-01 
 -3.571380e-01 
 -3.555482e-01 
 -3.530887e-01 
 -3.497650e-01 
 -3.455847e-01 
 -3.405574e-01 
 -3.346948e-01 
 -3.280107e-01 
 -3.205209e-01 
 -3.122430e-01 
 -3.031969e-01 
 -2.934040e-01 
 -2.828879e-01 
 -2.716738e-01 
 -2.597885e-01 
 -2.472606e-01 
 -2.341204e-01 
 -2.203995e-01 
 -2.061311e-01 
 -1.913497e-01 
 -1.760910e-01 
 -1.603920e-01 
 -1.442907e-01 
 -1.278263e-01 
 -1.110387e-01 
 -9.396867e-02 
 -7.665778e-02 
 -5.914813e-02 
 -4.148239e-02 
 -2.370359e-02 
 -5.855116e-03 
  1.201949e-02 
  2.987657e-02 
  4.767250e-02 
  6.536374e-02 
  8.290702e-02 
  1.002594e-01 
  1.173783e-01 
  1.342218e-01 
  1.507485e-01 
  1.669179e-01 
  1.826902e-01 
  1.980267e-01 
  2.128895e-01 
  2.272421e-01 
  2.410490e-01 
  2.542762e-01 
  2.668910e-01 
  2.788620e-01 
  2.901598e-01 
  3.007562e-01 
  3.106249e-01 
  3.197412e-01 
  3.280825e-01 
  3.356278e-01 
  3.423582e-01 
  3.482567e-01 
  3.533084e-01 
  3.575003e-01 
  3.608216e-01 
  3.632637e-01 
  3.648200e-01 
  3.654861e-01 
  3.652598e-01 
  3.641412e-01 
  3.621323e-01 
  3.592374e-01 
  3.554631e-01 
  3.508179e-01 
  3.453128e-01 
  3.389605e-01 
  3.317761e-01 
  3.237764e-01 
  3.149807e-01 
  3.054097e-01 
  2.950864e-01 
  2.840356e-01 
  2.722837e-01 
  2.598590e-01 
  2.467914e-01 
  2.331124e-01 
  2.188550e-01 
  2.040538e-01 
  1.887444e-01 
  1.729640e-01 
  1.567508e-01 
  1.401441e-01 
  1.231843e-01 
  1.059126e-01 
  8.837090e-02 
  7.060193e-02 
  5.264895e-02 
  3.455570e-02 
  1.636629e-02 
 -1.874897e-03 
 -2.012334e-02 
 -3.833447e-02 
 -5.646375e-02 
 -7.446686e-02 
 -9.229973e-02 
 -1.099187e-01 
 -1.272805e-01 
 -1.443427e-01 
 -1.610633e-01 
 -1.774012e-01 
 -1.933164e-01 
 -2.087697e-01 
 -2.237229e-01 
 -2.381393e-01 
 -2.519833e-01 
 -2.652206e-01 
 -2.778187e-01 
 -2.897462e-01 
 -3.009736e-01 
 -3.114730e-01 
 -3.212184e-01 
 -3.301853e-01 
 -3.383515e-01 
 -3.456963e-01 
 -3.522015e-01 
 -3.578505e-01 
 -3.626289e-01 
 -3.665246e-01 
 -3.695275e-01 
 -3.716296e-01 
 -3.728253e-01 
 -3.731109e-01 
 -3.724854e-01 
 -3.709495e-01 
 -3.685065e-01 
 -3.651618e-01 
 -3.609229e-01 
 -3.557996e-01 
 -3.498039e-01 
 -3.429498e-01 
 -3.352536e-01 
 -3.267336e-01 
 -3.174099e-01 
 -3.073049e-01 
 -2.964428e-01 
 -2.848496e-01 
 -2.725531e-01 
 -2.595830e-01 
 -2.459705e-01 
 -2.317485e-01 
 -2.169512e-01 
 -2.016146e-01 
 -1.857757e-01 
 -1.694729e-01 
 -1.527456e-01 
 -1.356347e-01 
 -1.181814e-01 
 -1.004284e-01 
 -8.241873e-02 
 -6.419628e-02 
 -4.580541e-02 
 -2.729094e-02 
 -8.698039e-03 
  9.927932e-03 
  2.854149e-02 
  4.709715e-02 
  6.554956e-02 
  8.385355e-02 
  1.019643e-01 
  1.198375e-01 
  1.374293e-01 
  1.546966e-01 
  1.715969e-01 
  1.880887e-01 
  2.041316e-01 
  2.196859e-01 
  2.347135e-01 
  2.491772e-01 
  2.630414e-01 
  2.762718e-01 
  2.888357e-01 
  3.007020e-01 
  3.118413e-01 
  3.222258e-01 
  3.318298e-01 
  3.406292e-01 
  3.486022e-01 
  3.557286e-01 
  3.619905e-01 
  3.673722e-01 
  3.718598e-01 
  3.754419e-01 
  3.781091e-01 
  3.798544e-01 
  3.806729e-01 
  3.805620e-01 
  3.795215e-01 
  3.775532e-01 
  3.746614e-01 
  3.708525e-01 
  3.661354e-01 
  3.605209e-01 
  3.540223e-01 
  3.466547e-01 
  3.384358e-01 
  3.293850e-01 
  3.195239e-01 
  3.088761e-01 
  2.974671e-01 
  2.853243e-01 
  2.724769e-01 
  2.589560e-01 
  2.447939e-01 
  2.300251e-01 
  2.146851e-01 
  1.988111e-01 
  1.824415e-01 
  1.656161e-01 
  1.483755e-01 
  1.307618e-01 
  1.128176e-01 
  9.458668e-02 
  7.611331e-02 
  5.744248e-02 
  3.861969e-02 
  1.969083e-02 
  7.020645e-04 
 -1.830024e-02 
 -3.726969e-02 
 -5.615990e-02 
 -7.492469e-02 
 -9.351814e-02 
 -1.118947e-01 
 -1.300094e-01 
 -1.478177e-01 
 -1.652761e-01 
 -1.823416e-01 
 -1.989722e-01 
 -2.151272e-01 
 -2.307666e-01 
 -2.458521e-01 
 -2.603464e-01 
 -2.742137e-01 
 -2.874198e-01 
 -2.999320e-01 
 -3.117193e-01 
 -3.227524e-01 
 -3.330040e-01 
 -3.424484e-01 
 -3.510623e-01 
 -3.588238e-01 
 -3.657137e-01 
 -3.717145e-01 
 -3.768110e-01 
 -3.809903e-01 
 -3.842414e-01 
 -3.865559e-01 
 -3.879277e-01 
 -3.883526e-01 
 -3.878292e-01 
 -3.863582e-01 
 -3.839424e-01 
 -3.805873e-01 
 -3.763004e-01 
 -3.710917e-01 
 -3.649734e-01 
 -3.579597e-01 
 -3.500673e-01 
 -3.413150e-01 
 -3.317235e-01 
 -3.213158e-01 
 -3.101168e-01 
 -2.981535e-01 
 -2.854544e-01 
 -2.720503e-01 
 -2.579734e-01 
 -2.432578e-01 
 -2.279388e-01 
 -2.120537e-01 
 -1.956409e-01 
 -1.787401e-01 
 -1.613924e-01 
 -1.436397e-01 
 -1.255254e-01 
 -1.070933e-01 
 -8.838836e-02 
 -6.945605e-02 
 -5.034250e-02 
 -3.109429e-02 
 -1.175837e-02 
  7.618102e-03 
  2.698780e-02 
  4.630340e-02 
  6.551769e-02 
  8.458367e-02 
  1.034547e-01 
  1.220845e-01 
  1.404274e-01 
  1.584385e-01 
  1.760736e-01 
  1.932893e-01 
  2.100433e-01 
  2.262945e-01 
  2.420028e-01 
  2.571295e-01 
  2.716373e-01 
  2.854904e-01 
  2.986546e-01 
  3.110972e-01 
  3.227875e-01 
  3.336964e-01 
  3.437968e-01 
  3.530636e-01 
  3.614735e-01 
  3.690056e-01 
  3.756408e-01 
  3.813626e-01 
  3.861562e-01 
  3.900095e-01 
  3.929124e-01 
  3.948573e-01 
  3.958389e-01 
  3.958542e-01 
  3.949025e-01 
  3.929856e-01 
  3.901076e-01 
  3.862750e-01 
  3.814964e-01 
  3.757832e-01 
  3.691485e-01 
  3.616081e-01 
  3.531799e-01 
  3.438839e-01 
  3.337423e-01 
  3.227793e-01 
  3.110213e-01 
  2.984964e-01 
  2.852349e-01 
  2.712686e-01 
  2.566314e-01 
  2.413584e-01 
  2.254867e-01 
  2.090546e-01 
  1.921020e-01 
  1.746700e-01 
  1.568008e-01 
  1.385378e-01 
  1.199255e-01 
  1.010091e-01 
  8.183460e-02 
  6.244869e-02 
  4.289860e-02 
  2.323201e-02 
  3.496866e-03 
 -1.625864e-02 
 -3.598628e-02 
 -5.563782e-02 
 -7.516523e-02 
 -9.452073e-02 
 -1.136569e-01 
 -1.325269e-01 
 -1.510845e-01 
 -1.692842e-01 
 -1.870812e-01 
 -2.044318e-01 
 -2.212935e-01 
 -2.376247e-01 
 -2.533851e-01 
 -2.685361e-01 
 -2.830402e-01 
 -2.968615e-01 
 -3.099659e-01 
 -3.223210e-01 
 -3.338962e-01 
 -3.446626e-01 
 -3.545936e-01 
 -3.636643e-01 
 -3.718521e-01 
 -3.791364e-01 
 -3.854990e-01 
 -3.909237e-01 
 -3.953968e-01 
 -3.989067e-01 
 -4.014442e-01 
 -4.030027e-01 
 -4.035777e-01 
 -4.031673e-01 
 -4.017717e-01 
 -3.993940e-01 
 -3.960393e-01 
 -3.917152e-01 
 -3.864317e-01 
 -3.802011e-01 
 -3.730381e-01 
 -3.649597e-01 
 -3.559851e-01 
 -3.461355e-01 
 -3.354347e-01 
 -3.239081e-01 
 -3.115836e-01 
 -2.984906e-01 
 -2.846609e-01 
 -2.701276e-01 
 -2.549259e-01 
 -2.390925e-01 
 -2.226657e-01 
 -2.056854e-01 
 -1.881926e-01 
 -1.702298e-01 
 -1.518406e-01 
 -1.330697e-01 
 -1.139627e-01 
 -9.456600e-02 
 -7.492692e-02 
 -5.509326e-02 
 -3.511334e-02 
 -1.503590e-02 
  5.090075e-03 
  2.521546e-02 
  4.529108e-02 
  6.526787e-02 
  8.509697e-02 
  1.047299e-01 
  1.241185e-01 
  1.432153e-01 
  1.619734e-01 
  1.803470e-01 
  1.982908e-01 
  2.157608e-01 
  2.327139e-01 
  2.491086e-01 
  2.649044e-01 
  2.800624e-01 
  2.945451e-01 
  3.083169e-01 
  3.213436e-01 
  3.335930e-01 
  3.450347e-01 
  3.556403e-01 
  3.653834e-01 
  3.742397e-01 
  3.821871e-01 
  3.892055e-01 
  3.952773e-01 
  4.003872e-01 
  4.045220e-01 
  4.076711e-01 
  4.098263e-01 
  4.109817e-01 
  4.111338e-01 
  4.102818e-01 
  4.084272e-01 
  4.055738e-01 
  4.017281e-01 
  3.968988e-01 
  3.910973e-01 
  3.843371e-01 
  3.766341e-01 
  3.680067e-01 
  3.584754e-01 
  3.480629e-01 
  3.367942e-01 
  3.246963e-01 
  3.117982e-01 
  2.981310e-01 
  2.837277e-01 
  2.686230e-01 
  2.528534e-01 
  2.364570e-01 
  2.194735e-01 
  2.019441e-01 
  1.839113e-01 
  1.654188e-01 
  1.465116e-01 
  1.272355e-01 
  1.076375e-01 
  8.776523e-02 
  6.766710e-02 
  4.739208e-02 
  2.698958e-02 
  6.509366e-03 
 -1.399857e-02 
 -3.448415e-02 
 -5.489732e-02 
 -7.518817e-02 
 -9.530707e-02 
 -1.152048e-01 
 -1.348325e-01 
 -1.541423e-01 
 -1.730866e-01 
 -1.916191e-01 
 -2.096942e-01 
 -2.272674e-01 
 -2.442957e-01 
 -2.607370e-01 
 -2.765509e-01 
 -2.916984e-01 
 -3.061421e-01 
 -3.198463e-01 
 -3.327771e-01 
 -3.449025e-01 
 -3.561924e-01 
 -3.666187e-01 
 -3.761555e-01 
 -3.847789e-01 
 -3.924674e-01 
 -3.992017e-01 
 -4.049648e-01 
 -4.097419e-01 
 -4.135210e-01 
 -4.162921e-01 
 -4.180480e-01 
 -4.187838e-01 
 -4.184971e-01 
 -4.171879e-01 
 -4.148590e-01 
 -4.115154e-01 
 -4.071647e-01 
 -4.018170e-01 
 -3.954848e-01 
 -3.881829e-01 
 -3.799287e-01 
 -3.707417e-01 
 -3.606440e-01 
 -3.496595e-01 
 -3.378147e-01 
 -3.251380e-01 
 -3.116599e-01 
 -2.974129e-01 
 -2.824312e-01 
 -2.667512e-01 
 -2.504107e-01 
 -2.334492e-01 
 -2.159078e-01 
 -1.978291e-01 
 -1.792569e-01 
 -1.602363e-01 
 -1.408135e-01 
 -1.210357e-01 
 -1.009510e-01 
 -8.060834e-02 
 -6.005723e-02 
 -3.934777e-02 
 -1.853045e-02 
  2.343945e-03 
  2.322444e-02 
  4.406005e-02 
  6.479984e-02 
  8.539310e-02 
  1.057894e-01 
  1.259389e-01 
  1.457922e-01 
  1.653006e-01 
  1.844162e-01 
  2.030923e-01 
  2.212828e-01 
  2.389430e-01 
  2.560296e-01 
  2.725005e-01 
  2.883151e-01 
  3.034344e-01 
  3.178210e-01 
  3.314394e-01 
  3.442560e-01 
  3.562389e-01 
  3.673584e-01 
  3.775868e-01 
  3.868987e-01 
  3.952709e-01 
  4.026822e-01 
  4.091142e-01 
  4.145504e-01 
  4.189772e-01 
  4.223830e-01 
  4.247591e-01 
  4.260989e-01 
  4.263988e-01 
  4.256572e-01 
  4.238756e-01 
  4.210576e-01 
  4.172095e-01 
  4.123402e-01 
  4.064610e-01 
  3.995857e-01 
  3.917305e-01 
  3.829141e-01 
  3.731574e-01 
  3.624838e-01 
  3.509188e-01 
  3.384902e-01 
  3.252278e-01 
  3.111636e-01 
  2.963315e-01 
  2.807673e-01 
  2.645086e-01 
  2.475947e-01 
  2.300666e-01 
  2.119667e-01 
  1.933390e-01 
  1.742286e-01 
  1.546820e-01 
  1.347467e-01 
  1.144711e-01 
  9.390455e-02 
  7.309720e-02 
  5.209971e-02 
  3.096326e-02 
  9.739399e-03 
 -1.152007e-02 
 -3.276324e-02 
 -5.393821e-02 
 -7.499321e-02 
 -9.587675e-02 
 -1.165377e-01 
 -1.369255e-01 
 -1.569902e-01 
 -1.766826e-01 
 -1.959543e-01 
 -2.147582e-01 
 -2.330479e-01 
 -2.507785e-01 
 -2.679064e-01 
 -2.843894e-01 
 -3.001870e-01 
 -3.152600e-01 
 -3.295714e-01 
 -3.430857e-01 
 -3.557695e-01 
 -3.675913e-01 
 -3.785218e-01 
 -3.885338e-01 
 -3.976023e-01 
 -4.057046e-01 
 -4.128204e-01 
 -4.189319e-01 
 -4.240234e-01 
 -4.280821e-01 
 -4.310973e-01 
 -4.330613e-01 
 -4.339686e-01 
 -4.338163e-01 
 -4.326044e-01 
 -4.303351e-01 
 -4.270134e-01 
 -4.226469e-01 
 -4.172456e-01 
 -4.108222e-01 
 -4.033919e-01 
 -3.949721e-01 
 -3.855829e-01 
 -3.752467e-01 
 -3.639883e-01 
 -3.518346e-01 
 -3.388149e-01 
 -3.249604e-01 
 -3.103046e-01 
 -2.948828e-01 
 -2.787322e-01 
 -2.618919e-01 
 -2.444027e-01 
 -2.263069e-01 
 -2.076485e-01 
 -1.884726e-01 
 -1.688258e-01 
 -1.487558e-01 
 -1.283116e-01 
 -1.075427e-01 
 -8.649973e-02 
 -6.523397e-02 
 -4.379722e-02 
 -2.224176e-02 
 -6.201701e-04 
  2.101476e-02 
  4.261021e-02 
  6.411338e-02 
  8.547171e-02 
  1.066329e-01 
  1.275453e-01 
  1.481575e-01 
  1.684191e-01 
  1.882804e-01 
  2.076927e-01 
  2.266082e-01 
  2.449806e-01 
  2.627646e-01 
  2.799165e-01 
  2.963940e-01 
  3.121566e-01 
  3.271652e-01 
  3.413830e-01 
  3.547746e-01 
  3.673070e-01 
  3.789490e-01 
  3.896717e-01 
  3.994485e-01 
  4.082549e-01 
  4.160690e-01 
  4.228710e-01 
  4.286438e-01 
  4.333728e-01 
  4.370458e-01 
  4.396533e-01 
  4.411883e-01 
  4.416466e-01 
  4.410263e-01 
  4.393285e-01 
  4.365567e-01 
  4.327170e-01 
  4.278184e-01 
  4.218721e-01 
  4.148922e-01 
  4.068951e-01 
  3.978998e-01 
  3.879278e-01 
  3.770028e-01 
  3.651511e-01 
  3.524010e-01 
  3.387834e-01 
  3.243308e-01 
  3.090783e-01 
  2.930626e-01 
  2.763224e-01 
  2.588983e-01 
  2.408323e-01 
  2.221684e-01 
  2.029518e-01 
  1.832291e-01 
  1.630482e-01 
  1.424582e-01 
  1.215091e-01 
  1.002519e-01 
  7.873846e-02 
  5.702109e-02 
  3.515275e-02 
  1.318678e-02 
 -8.823215e-03 
 -3.082350e-02 
 -5.276032e-02 
 -7.458006e-02 
 -9.622937e-02 
 -1.176553e-01 
 -1.388053e-01 
 -1.596276e-01 
 -1.800713e-01 
 -2.000860e-01 
 -2.196228e-01 
 -2.386336e-01 
 -2.570718e-01 
 -2.748919e-01 
 -2.920502e-01 
 -3.085043e-01 
 -3.242137e-01 
 -3.391395e-01 
 -3.532451e-01 
 -3.664953e-01 
 -3.788575e-01 
 -3.903009e-01 
 -4.007971e-01 
 -4.103200e-01 
 -4.188457e-01 
 -4.263530e-01 
 -4.328228e-01 
 -4.382390e-01 
 -4.425876e-01 
 -4.458575e-01 
 -4.480402e-01 
 -4.491297e-01 
 -4.491227e-01 
 -4.480187e-01 
 -4.458198e-01 
 -4.425309e-01 
 -4.381593e-01 
 -4.327151e-01 
 -4.262112e-01 
 -4.186627e-01 
 -4.100876e-01 
 -4.005064e-01 
 -3.899417e-01 
 -3.784190e-01 
 -3.659659e-01 
 -3.526123e-01 
 -3.383903e-01 
 -3.233343e-01 
 -3.074805e-01 
 -2.908672e-01 
 -2.735347e-01 
 -2.555249e-01 
 -2.368814e-01 
 -2.176494e-01 
 -1.978756e-01 
 -1.776080e-01 
 -1.568959e-01 
 -1.357895e-01 
 -1.143403e-01 
 -9.260049e-02 
 -7.062297e-02 
 -4.846132e-02 
 -2.616958e-02 
 -3.802130e-03 
  1.858644e-02 
  4.094145e-02 
  6.320827e-02 
  8.533248e-02 
  1.072599e-01 
  1.289370e-01 
  1.503106e-01 
  1.713283e-01 
  1.919387e-01 
  2.120911e-01 
  2.317361e-01 
  2.508254e-01 
  2.693122e-01 
  2.871509e-01 
  3.042976e-01 
  3.207101e-01 
  3.363480e-01 
  3.511725e-01 
  3.651471e-01 
  3.782371e-01 
  3.904102e-01 
  4.016361e-01 
  4.118869e-01 
  4.211371e-01 
  4.293635e-01 
  4.365455e-01 
  4.426650e-01 
  4.477065e-01 
  4.516571e-01 
  4.545066e-01 
  4.562475e-01 
  4.568749e-01 
  4.563867e-01 
  4.547835e-01 
  4.520687e-01 
  4.482483e-01 
  4.433310e-01 
  4.373283e-01 
  4.302543e-01 
  4.221257e-01 
  4.129618e-01 
  4.027844e-01 
  3.916179e-01 
  3.794890e-01 
  3.664269e-01 
  3.524630e-01 
  3.376309e-01 
  3.219663e-01 
  3.055072e-01 
  2.882933e-01 
  2.703662e-01 
  2.517694e-01 
  2.325480e-01 
  2.127485e-01 
  1.924191e-01 
  1.716091e-01 
  1.503691e-01 
  1.287508e-01 
  1.068067e-01 
  8.459033e-02 
  6.215578e-02 
  3.955773e-02 
  1.685130e-02 
 -5.908098e-03 
 -2.866490e-02 
 -5.136352e-02 
 -7.394849e-02 
 -9.636457e-02 
 -1.185569e-01 
 -1.404712e-01 
 -1.620538e-01 
 -1.832518e-01 
 -2.040132e-01 
 -2.242870e-01 
 -2.440236e-01 
 -2.631744e-01 
 -2.816922e-01 
 -2.995317e-01 
 -3.166488e-01 
 -3.330013e-01 
 -3.485490e-01 
 -3.632534e-01 
 -3.770781e-01 
 -3.899890e-01 
 -4.019541e-01 
 -4.129435e-01 
 -4.229300e-01 
 -4.318887e-01 
 -4.397972e-01 
 -4.466355e-01 
 -4.523864e-01 
 -4.570354e-01 
 -4.605704e-01 
 -4.629824e-01 
 -4.642647e-01 
 -4.644138e-01 
 -4.634286e-01 
 -4.613110e-01 
 -4.580656e-01 
 -4.536996e-01 
 -4.482233e-01 
 -4.416493e-01 
 -4.339933e-01 
 -4.252732e-01 
 -4.155100e-01 
 -4.047269e-01 
 -3.929496e-01 
 -3.802066e-01 
 -3.665283e-01 
 -3.519478e-01 
 -3.365002e-01 
 -3.202227e-01 
 -3.031547e-01 
 -2.853375e-01 
 -2.668143e-01 
 -2.476298e-01 
 -2.278306e-01 
 -2.074649e-01 
 -1.865819e-01 
 -1.652326e-01 
 -1.434687e-01 
 -1.213432e-01 
 -9.891000e-02 
 -7.622374e-02 
 -5.333969e-02 
 -3.031364e-02 
 -7.201771e-03 
  1.593952e-02 
  3.905371e-02 
  6.208434e-02 
  8.497511e-02 
  1.076700e-01 
  1.301136e-01 
  1.522508e-01 
  1.740274e-01 
  1.953901e-01 
  2.162865e-01 
  2.366652e-01 
  2.564763e-01 
  2.756711e-01 
  2.942023e-01 
  3.120244e-01 
  3.290935e-01 
  3.453675e-01 
  3.608062e-01 
  3.753716e-01 
  3.890275e-01 
  4.017401e-01 
  4.134780e-01 
  4.242120e-01 
  4.339153e-01 
  4.425637e-01 
  4.501355e-01 
  4.566118e-01 
  4.619761e-01 
  4.662147e-01 
  4.693168e-01 
  4.712742e-01 
  4.720815e-01 
  4.717361e-01 
  4.702384e-01 
  4.675914e-01 
  4.638009e-01 
  4.588757e-01 
  4.528273e-01 
  4.456697e-01 
  4.374200e-01 
  4.280977e-01 
  4.177251e-01 
  4.063270e-01 
  3.939306e-01 
  3.805658e-01 
  3.662648e-01 
  3.510619e-01 
  3.349939e-01 
  3.180995e-01 
  3.004196e-01 
  2.819971e-01 
  2.628765e-01 
  2.431041e-01 
  2.227280e-01 
  2.017977e-01 
  1.803638e-01 
  1.584787e-01 
  1.361954e-01 
  1.135682e-01 
  9.065224e-02 
  6.750331e-02 
  4.417784e-02 
  2.073273e-02 
 -2.774836e-03 
 -2.628746e-02 
 -4.974770e-02 
 -7.309825e-02 
 -9.628200e-02 
 -1.192422e-01 
 -1.419228e-01 
 -1.642681e-01 
 -1.862234e-01 
 -2.077349e-01 
 -2.287499e-01 
 -2.492166e-01 
 -2.690850e-01 
 -2.883061e-01 
 -3.068326e-01 
 -3.246190e-01 
 -3.416215e-01 
 -3.577981e-01 
 -3.731089e-01 
 -3.875161e-01 
 -4.009840e-01 
 -4.134793e-01 
 -4.249709e-01 
 -4.354303e-01 
 -4.448315e-01 
 -4.531508e-01 
 -4.603675e-01 
 -4.664634e-01 
 -4.714230e-01 
 -4.752337e-01 
 -4.778855e-01 
 -4.793715e-01 
 -4.796874e-01 
 -4.788318e-01 
 -4.768062e-01 
 -4.736151e-01 
 -4.692656e-01 
 -4.637677e-01 
 -4.571344e-01 
 -4.493813e-01 
 -4.405267e-01 
 -4.305917e-01 
 -4.196000e-01 
 -4.075781e-01 
 -3.945547e-01 
 -3.805611e-01 
 -3.656310e-01 
 -3.498005e-01 
 -3.331077e-01 
 -3.155930e-01 
 -2.972988e-01 
 -2.782694e-01 
 -2.585508e-01 
 -2.381910e-01 
 -2.172392e-01 
 -1.957465e-01 
 -1.737650e-01 
 -1.513482e-01 
 -1.285505e-01 
 -1.054276e-01 
 -8.203576e-02 
 -5.843191e-02 
 -3.467364e-02 
 -1.081891e-02 
  1.307407e-02 
  3.694695e-02 
  6.074142e-02 
  8.439931e-02 
  1.078628e-01 
  1.310744e-01 
  1.539774e-01 
  1.765156e-01 
  1.986339e-01 
  2.202779e-01 
  2.413946e-01 
  2.619322e-01 
  2.818401e-01 
  3.010695e-01 
  3.195731e-01 
  3.373052e-01 
  3.542223e-01 
  3.702825e-01 
  3.854463e-01 
  3.996762e-01 
  4.129368e-01 
  4.251954e-01 
  4.364216e-01 
  4.465874e-01 
  4.556674e-01 
  4.636389e-01 
  4.704819e-01 
  4.761792e-01 
  4.807163e-01 
  4.840815e-01 
  4.862660e-01 
  4.550987e-01 
  4.239315e-01 
  3.927643e-01 
  3.615970e-01 
  3.304298e-01 
  2.992625e-01 
  2.680953e-01 
  2.369281e-01 
  2.057608e-01 
  1.745936e-01 
  1.434263e-01 
  1.122591e-01 
  8.109187e-02 
  4.992463e-02 
  1.875739e-02 
 -1.240985e-02 
 -4.357709e-02 
 -7.474433e-02 
 -1.059116e-01 
 -1.370788e-01 
 -1.682460e-01 
 -1.994133e-01 
 -2.084775e-01 
 -1.994133e-01 
 -1.903490e-01 
 -1.812848e-01 
 -1.722206e-01 
 -1.631563e-01 
 -1.540921e-01 
 -1.450278e-01 
 -1.359636e-01 
 -1.268994e-01 
 -1.178351e-01 
 -1.087709e-01 
 -9.970664e-02 
 -9.064240e-02 
 -8.157816e-02 
 -7.251392e-02 
 -6.344968e-02 
 -5.438544e-02 
 -4.532120e-02 
 -3.625696e-02 
 -2.719272e-02 
 -1.812848e-02 
 -9.064240e-03 
  0.000000e+00 
